10000
161
478
952
709
918
160
730
615
437
362
715
702
586
838
358
741
375
736
293
929
820
55
546
281
470
914
923
898
901
706
632
414
537
936
123
455
448
205
70
237
567
137
939
506
328
297
599
55
386
893
985
206
948
883
487
771
798
763
669
51
821
301
466
358
589
941
813
38
147
235
627
66
725
567
924
53
216
524
108
602
417
445
808
717
329
648
488
479
763
157
530
584
810
348
943
400
290
108
790
789
696
417
207
421
336
132
474
553
656
934
155
425
732
316
142
413
316
631
892
79
140
774
663
951
123
958
703
765
419
493
554
115
262
761
536
599
245
362
152
253
648
659
678
380
327
173
793
643
156
37
722
296
164
738
599
287
48
302
404
467
147
958
582
410
71
470
361
317
184
865
570
833
524
249
565
852
774
359
847
930
748
570
578
912
660
178
551
708
480
955
176
980
913
110
390
985
581
103
302
117
968
224
950
844
825
516
48
599
227
896
881
975
818
812
240
478
990
791
186
822
747
714
802
12
825
544
349
758
647
3
875
615
228
178
460
53
46
508
653
273
756
886
600
574
698
840
52
688
632
591
863
731
657
17
743
482
562
93
240
209
96
468
177
324
646
989
730
692
849
383
965
606
621
917
532
320
758
937
360
742
880
223
473
537
593
216
20
155
661
612
716
110
80
245
434
78
586
164
770
436
899
87
394
873
5
926
193
115
215
553
857
95
129
682
633
74
898
5
229
912
617
297
22
50
895
808
128
481
325
251
917
576
338
663
449
695
942
642
810
157
548
19
605
29
701
238
103
952
595
684
864
564
333
238
614
228
46
95
710
371
346
627
948
684
643
397
732
585
392
542
742
292
914
699
321
615
937
776
567
532
812
783
97
145
21
63
374
68
158
84
791
856
63
91
541
706
841
625
643
233
167
738
877
81
437
550
49
375
326
616
259
490
752
708
635
773
124
361
193
634
797
337
491
861
428
384
919
269
9
563
854
176
301
731
610
90
281
659
817
959
627
77
801
379
137
437
505
261
798
50
896
596
387
739
809
816
123
80
437
132
995
292
660
648
375
270
739
9
281
556
320
909
985
122
640
123
559
497
736
709
548
984
657
935
723
818
103
846
899
893
978
246
185
991
895
912
261
634
273
895
190
594
804
528
716
796
3
627
294
739
688
194
76
698
481
799
516
585
998
767
478
328
14
15
319
261
279
933
895
553
828
437
147
984
965
215
780
968
194
426
60
882
972
488
580
454
639
449
39
637
568
869
318
934
236
989
195
867
922
442
420
102
232
919
86
549
486
219
870
680
997
930
563
970
418
495
424
57
296
815
47
217
36
717
503
272
706
51
491
981
493
912
83
77
183
170
627
670
389
497
350
738
779
265
708
549
113
132
958
761
299
5
978
335
74
482
959
781
885
451
762
378
715
845
456
898
367
435
920
108
932
623
847
711
240
555
260
353
40
218
467
339
576
445
675
650
279
634
783
164
437
545
895
152
743
703
51
462
138
323
571
422
946
770
485
187
325
97
892
717
315
359
409
243
157
84
246
788
70
29
305
508
927
200
660
22
255
63
484
745
739
407
167
685
177
652
224
855
749
469
924
416
180
333
12
337
769
258
478
840
639
783
700
918
335
712
292
590
128
129
335
867
536
502
904
66
506
129
273
607
950
197
23
130
531
387
468
300
645
298
492
637
81
192
907
416
905
200
6
385
329
693
252
217
547
156
635
53
637
908
660
587
106
35
718
989
423
538
289
420
836
782
409
917
326
317
685
583
869
43
968
550
736
220
119
283
729
755
688
366
663
700
954
121
735
24
110
510
562
752
283
398
534
692
667
212
361
352
796
582
395
764
132
131
337
604
766
66
359
454
432
374
154
738
496
241
762
958
752
324
710
35
74
596
79
93
809
441
445
957
375
192
721
508
675
58
112
441
476
823
247
261
549
753
999
397
995
114
356
99
790
418
486
865
15
917
958
176
710
756
133
86
948
206
594
624
265
58
417
93
233
665
354
134
770
706
532
117
820
240
216
610
658
54
827
25
972
786
201
682
894
334
768
842
541
714
818
158
124
236
603
709
253
958
844
23
664
376
493
836
616
709
446
626
116
274
652
88
412
853
122
306
540
243
500
433
957
319
591
434
555
194
495
160
504
339
535
520
67
28
356
683
90
155
310
558
429
314
998
193
167
120
851
707
363
351
140
673
670
83
459
577
630
954
89
134
646
625
7
713
5
363
749
447
870
411
5
299
725
3
844
892
124
695
952
839
47
444
864
69
528
675
647
510
630
88
996
628
713
3
341
71
719
90
518
589
501
524
241
578
527
85
471
3
133
775
195
532
219
411
601
99
87
600
961
69
689
958
697
754
961
38
825
32
481
344
622
334
220
215
913
99
652
736
103
785
511
650
317
82
61
919
534
148
871
495
569
560
453
266
315
767
657
492
151
490
188
125
176
408
340
89
508
993
177
963
130
688
613
448
123
26
719
657
175
590
504
96
503
958
363
170
77
372
662
228
214
851
354
390
611
46
480
119
39
9
434
170
50
47
970
173
74
41
182
601
983
686
697
486
996
412
8
73
136
671
654
350
874
8
93
485
54
925
957
446
934
391
968
984
791
290
157
217
331
691
818
314
378
867
801
374
632
809
800
120
832
454
823
58
814
916
544
220
841
853
18
775
244
986
760
35
276
269
252
959
961
422
274
339
642
427
65
626
588
217
746
773
23
569
831
837
837
375
410
678
228
780
806
825
767
918
212
395
187
465
355
148
239
981
839
881
408
257
507
996
826
606
769
850
175
601
39
365
328
801
395
909
582
201
86
349
119
298
96
659
115
803
159
355
784
351
588
192
960
448
541
786
54
662
636
581
615
28
946
296
829
694
205
411
895
643
112
367
941
209
378
409
364
537
116
149
240
704
693
200
504
234
987
558
249
975
492
864
3
790
160
833
484
717
244
380
712
709
99
654
918
829
415
634
366
531
783
607
587
829
159
92
415
146
650
664
474
494
881
477
285
393
662
769
111
907
501
823
968
952
829
238
781
244
872
148
127
656
107
715
485
618
807
900
765
809
917
591
304
798
68
589
191
731
710
654
990
212
830
958
164
659
196
946
256
68
446
383
76
905
450
913
523
257
166
640
419
83
231
723
881
652
664
424
735
726
79
725
938
909
35
455
920
583
401
528
3
199
912
80
456
714
993
331
972
511
324
391
594
555
466
827
559
482
604
294
208
683
371
499
944
406
954
864
989
707
745
993
906
657
425
714
371
770
45
695
282
369
438
228
277
256
408
836
738
12
483
299
695
854
798
991
613
752
855
954
811
952
299
717
961
724
783
685
847
828
380
129
550
171
709
827
427
117
15
518
129
850
817
176
705
967
167
670
71
375
624
882
327
924
951
289
0
734
974
847
914
706
328
464
877
390
643
305
507
11
823
989
861
992
165
918
959
333
588
382
60
565
264
387
841
215
28
841
301
2
41
215
709
721
680
938
111
675
243
971
686
418
960
900
762
125
818
73
810
759
455
222
324
71
962
165
286
990
358
939
345
751
155
406
473
187
344
936
862
940
907
901
710
867
801
473
345
619
898
507
378
706
82
54
777
44
571
416
34
930
355
731
33
510
137
506
49
834
795
912
774
702
813
484
922
966
309
619
585
208
478
316
914
560
722
43
604
294
459
991
576
815
722
609
677
212
468
727
46
263
991
820
317
156
656
239
122
966
210
59
526
689
727
792
249
450
835
854
744
647
197
672
462
919
281
491
131
101
570
529
364
913
349
682
69
6
273
543
324
484
955
202
173
682
994
774
484
181
980
580
828
177
252
642
449
886
486
932
987
56
462
352
970
811
386
391
169
11
287
493
495
594
47
20
628
41
147
113
575
127
693
403
305
298
398
754
184
884
686
171
292
500
875
614
312
261
358
833
625
645
679
472
239
726
493
219
120
640
332
695
119
378
450
424
676
848
530
860
732
569
31
25
69
907
991
733
520
349
567
145
994
246
618
585
324
463
805
444
455
489
139
574
867
590
351
543
438
881
403
523
802
787
900
872
694
891
605
566
593
524
64
939
770
682
525
447
497
682
891
304
523
31
230
391
973
933
286
763
167
690
638
969
477
890
841
523
782
799
89
375
323
153
666
446
187
191
893
36
225
784
692
101
167
275
492
492
208
778
256
375
820
246
345
649
137
538
172
271
337
614
998
13
119
664
459
659
208
704
47
433
840
740
534
8
15
378
852
223
509
460
951
329
707
296
979
844
186
503
115
876
469
113
889
589
777
700
600
985
404
647
771
244
739
657
604
754
388
809
330
897
269
281
578
976
929
909
172
467
765
639
343
234
752
584
175
882
284
775
219
40
423
342
637
162
0
593
269
740
402
951
637
672
584
567
0
865
477
525
332
242
164
676
476
269
260
4
151
897
779
722
937
554
65
574
69
417
168
338
157
922
641
146
946
225
713
947
90
190
472
422
784
988
450
613
257
63
617
760
960
396
483
249
303
900
176
372
317
344
62
474
618
703
620
565
928
685
512
18
876
336
792
12
676
243
625
934
658
594
46
618
343
529
219
646
781
395
370
98
91
432
924
710
487
896
275
767
582
139
785
810
827
929
822
503
524
800
789
182
394
836
800
737
717
20
383
499
415
753
949
507
537
874
569
24
770
844
791
352
983
928
162
810
210
337
665
734
137
455
917
531
291
69
269
360
89
4
859
857
110
809
716
647
35
285
24
157
481
167
510
464
448
24
626
658
713
291
392
850
746
661
734
389
731
3
750
172
359
961
381
469
122
97
469
509
734
845
667
215
12
529
31
812
553
9
822
619
301
567
469
399
228
203
141
959
558
243
484
918
204
865
387
679
315
208
188
401
53
855
969
418
384
0
230
290
10
53
909
663
620
730
62
200
286
203
512
844
446
996
114
3
861
854
34
176
62
222
578
116
430
547
886
166
899
116
808
261
521
69
924
493
152
339
694
438
894
206
634
693
202
749
696
415
603
82
944
17
304
522
485
86
421
371
605
672
488
413
934
361
835
858
855
987
549
901
425
444
107
59
137
661
160
185
428
763
267
372
781
923
246
266
10
667
638
967
692
478
380
626
839
567
836
46
554
386
947
331
182
406
391
319
67
551
504
848
667
771
220
800
46
467
418
408
486
56
375
178
886
108
804
78
675
993
124
582
731
72
913
913
830
656
232
250
560
88
98
227
211
318
379
257
785
797
666
272
206
393
802
92
501
959
170
177
952
647
759
683
71
24
596
901
681
180
151
241
268
249
820
831
920
199
88
57
348
106
329
554
500
132
647
1
443
169
530
395
816
641
430
239
666
378
141
699
558
644
292
178
246
464
9
166
15
449
223
363
908
905
918
408
389
917
761
832
438
292
579
607
285
9
846
303
387
339
354
297
984
646
827
582
462
188
100
477
637
675
841
545
580
111
305
321
380
67
505
818
711
84
425
996
445
272
652
184
963
6
481
947
653
660
881
115
848
981
945
838
657
138
735
589
249
41
263
629
108
768
447
171
853
225
519
650
497
171
835
812
178
668
760
183
329
993
650
177
975
595
15
984
733
751
925
334
144
188
963
252
957
763
775
162
988
294
812
837
466
647
649
644
668
761
179
997
107
829
174
82
777
542
418
510
645
343
845
789
532
160
393
489
275
168
3
615
462
167
804
928
815
806
924
835
919
455
832
26
285
358
460
62
900
878
924
545
222
121
686
106
634
79
947
909
247
950
877
62
117
681
342
284
487
619
119
407
74
303
433
711
662
894
125
914
124
50
812
698
523
498
804
157
578
751
419
177
53
296
239
523
329
582
159
817
201
631
576
627
934
361
339
596
607
464
511
732
866
323
430
742
173
235
251
751
338
670
281
744
318
520
267
648
454
778
817
7
409
745
635
344
106
326
292
66
790
803
798
9
478
228
751
652
815
2
755
506
25
36
602
695
909
221
343
363
999
512
723
409
609
710
105
716
36
397
134
178
553
932
187
31
512
290
35
680
645
791
538
22
179
140
717
88
361
61
804
712
925
527
121
535
237
578
603
273
976
737
803
529
21
343
912
533
633
948
565
630
91
103
652
270
243
370
359
956
783
163
669
60
42
142
947
279
721
550
904
697
639
707
578
12
50
842
546
36
142
111
18
233
567
23
856
810
393
567
767
528
82
788
588
124
930
536
403
651
438
659
700
430
718
630
442
121
473
340
509
967
804
527
553
371
550
409
181
295
976
300
823
58
88
764
534
371
652
289
22
90
948
75
872
18
57
315
139
882
655
648
850
459
528
403
830
78
164
364
726
140
16
549
550
457
665
84
828
317
373
202
760
673
277
632
691
335
299
831
217
307
831
67
766
359
822
949
790
986
665
516
478
681
417
380
490
83
816
318
752
189
521
512
214
798
145
906
485
796
89
55
103
272
474
222
632
297
523
774
635
188
290
114
221
59
494
712
142
311
382
895
852
903
759
419
54
904
677
539
53
766
594
156
390
69
378
22
718
901
796
353
441
438
467
663
498
314
727
992
977
109
239
829
13
999
600
419
255
277
958
308
43
905
465
434
326
195
808
44
97
957
397
538
747
217
553
597
531
632
590
860
742
829
41
107
180
642
526
436
919
836
744
315
741
561
101
67
757
909
111
206
218
861
744
966
78
650
563
961
282
505
173
376
687
214
483
867
856
9
303
128
198
400
443
939
313
544
359
70
805
822
628
24
683
373
342
113
375
257
426
657
763
599
34
802
814
869
669
22
231
325
150
429
77
945
720
390
489
79
813
295
254
441
671
937
166
365
403
893
622
181
551
737
781
937
539
947
158
561
321
389
238
824
170
315
769
891
57
259
322
870
906
576
664
929
514
182
294
269
76
916
450
979
654
583
268
545
882
426
106
204
168
344
28
338
11
797
229
69
408
552
291
666
128
307
595
994
490
241
615
566
158
418
897
164
1
165
61
884
943
520
440
111
864
468
450
228
617
31
297
378
935
940
396
416
248
344
762
90
585
378
8
95
796
905
611
797
422
673
33
365
193
473
829
409
293
631
637
263
14
286
993
950
579
389
718
179
733
480
269
671
858
629
766
654
886
378
804
308
51
189
25
596
15
206
357
660
837
347
275
852
985
268
154
564
10
872
95
95
352
716
766
211
345
533
217
231
263
373
891
666
915
269
262
930
475
619
942
313
318
218
517
304
838
671
868
200
543
964
296
895
680
414
458
378
299
28
961
562
753
853
228
668
474
842
950
949
814
893
614
132
463
483
436
653
154
657
854
49
973
502
297
5
916
755
383
216
135
345
130
889
550
711
557
376
905
860
325
719
105
292
204
568
775
992
221
282
1
75
331
974
929
628
332
846
736
715
414
871
412
544
760
314
607
670
690
513
530
368
232
635
660
788
555
787
781
128
69
782
556
753
109
485
733
441
331
469
508
97
693
921
994
453
587
601
475
278
114
357
646
699
344
658
839
251
797
620
380
219
755
936
324
216
421
57
657
105
527
165
202
572
438
196
25
26
150
853
656
264
562
654
315
907
664
155
158
461
127
890
32
234
826
356
450
248
414
107
705
293
625
907
865
415
456
242
793
606
447
449
222
10
103
538
269
119
45
779
581
172
670
965
759
496
322
209
96
88
669
801
733
646
61
950
61
517
544
855
123
992
656
345
354
112
235
623
231
280
754
164
805
424
130
564
921
804
125
369
244
794
523
329
440
584
279
854
453
823
709
576
167
717
273
521
829
861
496
61
493
251
577
298
675
707
214
948
863
340
670
459
486
193
788
927
129
67
133
582
243
194
510
762
911
135
636
741
996
132
154
490
735
731
140
763
791
707
63
6
399
733
466
885
278
254
164
407
674
297
989
917
491
499
31
403
635
667
496
983
800
2
825
535
85
966
650
228
25
714
235
424
447
701
661
726
307
826
133
981
123
475
250
615
326
282
370
961
301
218
297
101
220
122
989
305
440
639
886
465
705
121
241
153
174
903
231
833
729
716
167
204
191
417
819
518
51
541
831
705
759
128
806
331
251
147
989
691
139
875
157
844
348
398
349
522
301
580
707
382
297
874
587
840
644
758
358
695
300
190
400
411
670
559
95
921
58
84
613
549
959
122
746
659
872
95
533
526
28
240
908
677
115
847
517
759
606
228
806
258
770
559
21
440
470
116
362
528
200
327
430
511
801
176
170
25
623
55
903
651
296
164
680
411
11
198
522
969
778
328
227
548
887
601
988
357
717
702
238
270
381
668
781
534
844
304
912
467
359
815
471
7
979
151
418
991
701
292
960
479
621
540
379
860
141
720
570
210
774
808
480
156
828
614
42
24
918
954
491
629
770
314
637
101
818
407
92
519
52
405
351
673
297
82
885
438
802
455
648
577
615
129
85
795
743
127
819
13
434
663
994
556
977
983
657
147
743
102
667
795
507
370
820
804
452
705
594
607
513
594
184
480
75
269
276
170
748
95
183
534
110
530
442
88
513
100
235
608
202
254
403
61
976
223
217
781
281
163
388
146
757
572
626
833
193
254
3
293
702
539
180
812
421
622
252
934
722
488
895
276
94
298
689
71
874
258
852
507
421
592
653
531
164
631
716
709
238
719
2
940
610
534
104
31
157
357
318
231
197
213
860
291
863
549
714
89
160
918
596
933
510
601
464
26
585
180
87
823
252
442
115
862
976
219
894
133
576
564
717
125
777
577
769
640
478
483
82
638
754
678
924
616
632
388
995
217
921
82
40
525
524
155
387
853
726
633
338
303
197
55
428
326
632
197
319
111
33
401
101
139
431
25
107
63
766
102
280
687
537
320
564
413
827
951
266
554
937
605
209
486
660
989
813
645
539
484
756
572
885
857
63
316
235
170
380
1
625
660
40
162
333
604
927
512
907
194
418
196
151
627
683
163
969
848
808
508
332
564
80
217
774
495
885
9
665
265
10
290
278
402
804
963
6
732
827
913
278
246
110
429
225
145
592
194
993
753
702
677
317
134
246
443
629
131
452
647
749
814
289
379
216
94
694
574
826
521
840
104
767
950
885
345
447
829
539
792
582
242
469
252
728
67
695
358
198
500
357
299
666
646
678
883
740
372
809
918
894
649
22
13
951
259
358
398
89
250
190
671
492
11
923
220
78
619
930
629
471
287
928
137
934
959
372
26
683
182
945
929
831
319
943
783
579
653
181
668
903
724
691
747
87
615
320
518
586
602
499
57
890
427
194
176
738
567
554
422
749
499
703
932
819
998
715
398
652
249
418
907
973
109
655
412
724
327
930
662
929
429
719
171
209
266
699
299
185
254
73
286
753
777
218
572
775
286
322
779
535
92
687
860
202
694
272
278
21
555
941
302
336
12
474
897
630
173
197
167
427
622
453
181
751
24
105
879
310
780
658
197
872
697
57
426
743
681
705
116
588
998
419
925
362
893
174
345
418
723
512
846
346
318
379
97
694
836
976
4
616
987
553
841
684
610
267
780
643
972
896
232
322
315
157
685
560
683
382
979
407
894
177
753
564
556
202
258
744
531
614
361
518
167
554
554
777
821
334
421
146
231
5
820
898
514
857
459
197
239
438
604
134
615
357
698
523
912
957
267
443
571
980
961
739
534
867
868
708
202
641
206
785
646
26
683
160
884
494
358
123
932
314
609
899
672
308
422
936
617
42
379
540
374
692
631
261
559
852
969
761
493
175
898
492
553
934
4
437
428
714
913
361
29
522
612
53
830
387
989
799
429
368
340
803
60
971
416
971
823
385
733
669
912
983
513
466
917
517
255
346
584
168
59
613
691
671
18
873
58
7
673
839
727
365
995
139
336
411
110
512
149
195
181
61
179
694
879
448
563
487
794
147
7
853
112
698
525
482
924
935
489
949
775
568
314
122
707
650
533
170
514
682
365
695
96
896
741
327
345
657
814
139
156
822
345
269
872
222
751
796
157
593
745
284
161
59
406
221
62
940
391
576
974
756
624
70
5
717
398
350
374
564
489
531
386
834
152
611
408
903
407
566
848
505
850
362
916
257
583
330
549
326
907
523
434
883
946
439
600
344
789
327
260
631
858
647
817
10
610
226
265
17
792
466
874
994
828
143
603
763
473
152
89
732
28
523
615
974
963
568
670
752
895
930
735
105
929
553
467
539
779
84
909
923
550
135
917
730
278
873
493
752
25
582
484
405
106
452
379
421
372
401
525
619
684
261
724
613
814
543
505
945
627
766
868
530
901
137
260
180
10
754
284
388
336
768
793
794
572
525
215
944
278
741
563
962
354
639
928
520
182
785
465
162
551
685
692
452
174
304
984
185
58
268
925
747
389
70
893
313
947
109
258
226
202
173
540
556
813
468
76
347
253
893
509
156
578
553
961
104
858
945
289
916
566
566
15
307
637
909
620
936
370
230
162
572
756
703
480
569
523
908
268
129
801
778
285
731
331
246
835
541
544
477
458
462
395
825
769
384
734
741
321
104
324
483
28
80
538
508
1
62
768
269
191
569
47
828
652
731
427
840
272
971
317
82
785
712
908
554
97
994
647
770
99
971
253
127
51
144
988
404
206
756
674
749
678
73
929
330
804
356
170
429
679
839
863
464
904
771
370
353
766
370
123
217
341
728
696
745
872
684
149
430
441
175
179
471
249
461
153
405
169
676
834
849
515
698
665
771
821
388
124
939
758
247
156
451
976
853
548
848
537
50
279
330
225
810
153
826
623
307
232
793
983
418
994
850
116
659
622
938
399
746
229
509
994
386
313
322
239
213
522
128
263
801
811
841
964
964
19
587
271
251
380
606
670
726
457
138
386
79
428
137
825
658
647
171
44
312
845
635
525
368
115
141
169
926
334
485
243
353
425
866
605
157
473
627
884
930
117
622
361
546
759
538
204
758
710
600
70
555
587
596
923
702
737
445
981
423
282
576
776
707
442
733
865
267
712
101
197
830
723
910
376
482
449
932
241
511
884
663
418
471
259
694
525
348
491
506
123
773
82
900
833
877
633
50
144
346
151
694
528
874
604
904
356
405
188
949
916
72
965
335
543
576
381
68
277
872
927
400
645
361
300
830
238
286
880
735
984
31
429
512
905
33
768
614
791
956
915
707
28
880
394
571
457
775
991
734
999
918
134
997
632
787
827
870
73
708
605
409
91
386
921
349
772
689
963
563
645
230
622
25
111
369
596
920
496
939
6
496
210
492
493
842
279
672
64
704
732
22
113
824
408
34
173
180
75
488
95
72
718
718
97
181
439
45
453
935
985
459
431
195
952
276
37
231
949
453
936
681
475
401
505
236
436
30
768
511
518
864
936
589
934
33
122
373
79
576
308
64
387
92
611
339
368
0
923
317
453
211
999
929
612
856
517
400
239
285
264
109
501
200
698
435
233
173
160
664
749
469
80
488
561
691
180
281
691
103
599
497
666
950
778
630
806
295
31
45
580
647
507
82
847
205
869
432
730
30
97
831
851
177
320
764
221
500
45
264
955
644
761
621
594
539
603
753
186
986
150
119
633
657
201
480
215
422
265
945
804
362
129
655
891
449
419
112
949
465
729
256
461
490
877
408
382
832
513
568
819
15
687
452
673
240
285
240
663
550
537
467
264
666
475
155
115
894
620
416
711
349
672
525
191
901
285
573
734
798
494
905
813
181
357
838
422
642
430
437
544
968
256
808
986
83
316
454
330
936
870
41
637
895
918
828
148
203
402
234
353
896
139
519
429
497
357
203
491
788
992
388
108
601
196
94
684
512
900
14
800
771
408
437
18
326
618
518
882
20
753
587
268
892
106
49
741
816
253
585
956
597
973
64
198
521
510
883
34
411
897
186
534
305
624
904
984
242
422
218
614
175
805
234
420
912
635
161
728
240
746
684
838
71
100
36
593
962
271
979
725
169
165
259
826
141
515
810
735
938
28
701
465
186
287
885
98
923
399
178
163
497
214
1
569
666
390
514
628
661
493
354
182
10
965
9
152
481
171
239
419
552
941
236
738
228
122
836
151
873
366
667
370
580
20
291
598
410
805
226
424
650
932
606
661
898
615
813
731
139
52
502
691
345
738
429
574
860
617
77
85
983
744
456
915
765
747
513
527
905
91
951
555
24
910
216
274
525
381
357
664
786
859
707
131
597
136
57
810
753
135
895
736
879
703
651
996
451
516
524
708
608
827
263
984
737
832
610
615
213
967
631
999
178
339
483
775
475
540
937
581
27
833
317
259
888
321
255
691
189
131
399
149
311
663
485
400
495
95
15
60
414
999
412
944
690
895
720
165
787
9
746
815
194
416
426
83
89
33
774
278
165
174
428
828
189
913
228
36
361
596
96
127
595
508
72
285
755
144
802
543
153
901
710
700
669
136
783
758
169
557
388
686
83
168
514
272
434
95
308
795
691
757
274
638
265
698
923
21
842
77
916
348
978
978
48
999
466
183
757
635
740
498
674
176
666
540
800
100
635
461
247
678
218
522
316
835
572
591
856
415
669
124
115
999
102
515
999
568
698
108
556
790
606
582
966
273
122
119
373
110
580
973
788
798
495
105
633
67
48
842
834
717
318
301
69
773
816
68
341
866
528
249
657
135
831
975
760
306
94
133
416
26
458
556
176
953
13
810
373
62
4
559
131
322
861
200
95
29
620
789
896
149
390
905
284
574
880
396
880
327
529
648
705
340
204
882
293
218
44
18
280
48
930
411
722
791
964
170
172
584
311
420
733
701
325
369
627
558
765
507
237
647
155
942
987
360
824
632
930
868
3
210
268
933
973
991
76
937
513
248
522
176
669
607
229
994
977
857
904
94
364
141
741
872
84
80
584
908
65
514
777
68
724
45
1
49
388
429
987
253
677
861
429
698
468
659
45
797
516
949
892
232
91
985
456
175
418
40
435
483
554
564
551
630
610
904
680
350
333
19
604
10
880
385
61
700
44
106
498
912
55
390
497
498
727
953
25
145
994
461
628
900
25
531
883
987
435
915
338
768
934
294
131
166
31
192
866
428
298
364
340
705
106
189
204
834
143
581
331
489
42
960
741
420
491
624
407
927
891
97
47
825
743
178
343
775
722
210
203
372
926
895
78
33
85
634
219
228
215
550
69
610
862
810
30
706
787
437
985
678
887
32
856
630
563
199
405
285
409
960
658
688
856
88
721
293
722
292
873
289
842
942
899
57
104
929
763
891
719
748
570
606
132
778
588
695
977
994
333
739
306
991
427
514
431
500
807
153
792
680
794
986
622
694
43
727
975
806
970
694
906
892
652
39
670
241
734
648
587
67
739
893
410
166
408
841
666
215
346
458
248
141
796
870
187
840
949
162
998
272
209
905
164
213
944
187
454
30
187
393
450
926
287
212
92
47
54
110
614
752
920
862
245
716
85
432
556
34
947
555
658
156
812
823
369
756
10
176
138
197
569
588
475
208
801
567
607
207
677
222
959
949
436
205
665
521
989
574
908
936
129
566
444
293
741
166
49
103
342
539
652
263
128
127
824
281
46
431
840
75
5
799
24
442
356
690
315
698
264
223
634
745
142
79
38
235
245
439
339
939
978
991
554
458
119
378
91
165
162
931
593
167
83
617
961
791
307
277
489
923
852
124
668
346
555
58
582
152
849
921
443
828
264
997
638
735
376
82
253
538
13
846
57
448
463
19
240
123
648
729
46
500
205
67
199
112
125
781
616
975
702
59
155
966
57
145
702
785
227
955
675
593
153
84
41
616
103
633
739
103
715
786
956
272
205
155
385
330
936
353
657
990
413
164
308
822
310
362
959
889
317
634
834
470
718
876
439
174
861
178
629
576
316
585
849
521
92
586
204
28
939
861
370
704
378
679
526
40
41
485
929
711
471
116
533
542
992
972
716
205
503
697
782
819
635
983
341
727
921
897
108
860
110
478
917
488
157
443
528
551
281
810
262
752
926
795
294
270
120
362
827
623
412
609
442
47
944
135
774
865
32
882
78
143
361
995
983
870
790
864
421
71
674
35
176
952
183
470
574
303
185
401
926
597
363
720
644
307
208
418
525
240
653
603
735
366
598
71
236
388
935
10
812
609
45
988
913
580
810
839
883
995
240
161
944
603
234
588
263
442
359
788
34
12
391
122
378
341
193
966
81
128
328
893
89
726
881
2
306
692
193
190
39
433
703
984
389
937
572
4
379
283
792
766
647
535
888
377
228
81
344
309
561
24
203
650
750
436
4
57
480
197
599
520
982
302
504
723
240
428
727
971
64
871
89
711
406
977
89
986
410
785
296
323
809
851
973
560
639
329
969
120
878
568
640
861
870
496
584
462
276
312
434
340
535
523
52
294
853
493
280
615
630
576
939
791
779
264
703
419
594
672
891
472
240
883
685
111
379
270
573
7
934
359
348
469
235
752
763
440
597
396
55
227
324
994
370
104
611
74
875
205
746
118
29
987
1
715
450
732
337
375
739
623
735
87
92
322
839
208
762
788
604
817
15
280
164
738
384
775
812
611
332
558
729
361
897
730
76
699
462
765
75
202
388
810
641
833
484
833
41
246
621
997
415
989
277
931
727
14
58
891
625
390
801
707
104
699
437
532
398
252
298
473
806
686
635
799
519
119
632
912
717
606
261
133
595
891
64
674
905
475
565
882
865
366
589
321
417
379
854
168
983
152
993
141
838
629
940
710
100
925
622
818
531
884
951
478
127
367
504
32
194
421
266
60
139
208
381
557
939
587
77
922
739
70
63
930
699
355
640
152
280
614
970
163
850
273
641
977
992
497
361
187
918
628
599
58
836
332
967
775
920
44
49
659
114
464
589
166
819
581
318
452
196
288
615
46
913
609
376
905
106
737
92
377
365
43
435
553
376
402
680
296
446
81
307
912
545
249
78
717
830
396
521
378
36
488
777
949
97
153
207
556
890
651
933
256
695
720
161
71
122
842
367
920
923
674
832
821
923
263
538
106
659
59
484
48
547
261
997
997
414
556
553
305
208
838
913
903
558
74
974
32
268
693
952
192
719
136
13
995
399
903
101
411
314
937
811
861
551
808
210
965
717
115
622
925
953
887
828
511
962
154
895
230
199
847
774
918
336
139
265
87
42
718
850
356
656
661
570
207
822
780
524
539
896
499
464
201
386
644
65
700
150
960
283
349
160
57
619
496
549
885
935
591
603
786
300
611
799
870
170
973
2
47
512
898
546
328
100
284
324
165
985
474
477
620
175
637
29
147
485
578
32
421
170
987
559
822
951
358
692
121
332
694
520
196
945
66
877
397
703
201
914
688
28
391
660
203
29
689
702
514
268
734
935
790
74
846
612
25
557
656
498
241
350
19
437
647
437
314
44
140
868
958
180
248
350
840
451
379
530
506
245
150
240
181
940
666
379
904
43
936
560
894
177
262
265
615
910
54
281
306
195
501
265
727
749
967
920
553
346
802
59
943
952
651
476
892
318
856
796
361
792
708
607
970
970
872
937
880
927
570
187
474
72
804
201
821
771
473
726
469
275
785
412
227
437
889
471
107
97
267
468
889
327
428
211
298
300
500
530
579
71
69
53
495
873
607
668
996
80
395
465
356
532
230
583
969
471
55
76
568
674
897
457
2
325
21
652
977
521
182
557
944
252
962
439
477
569
460
474
2
207
291
358
739
521
293
61
992
700
137
560
375
386
370
729
63
391
733
41
264
915
950
209
519
912
0
349
834
812
823
836
19
114
194
759
988
839
820
980
540
309
893
267
48
263
348
111
6
81
504
622
348
806
183
220
71
536
569
905
348
392
93
368
858
639
479
846
478
651
179
18
312
72
285
360
687
633
472
45
66
328
667
415
135
851
635
206
739
204
463
87
948
556
807
158
195
638
5
673
289
184
692
602
608
329
962
647
315
786
692
381
115
359
148
602
562
783
808
653
339
271
741
639
827
900
798
22
539
155
47
828
691
91
782
299
421
97
946
88
883
990
469
350
701
970
952
616
105
760
269
445
383
10
436
562
263
586
584
802
741
984
982
432
75
117
83
496
214
381
936
97
371
406
800
73
728
752
689
833
865
310
630
248
673
67
811
936
653
747
738
747
731
72
179
159
189
615
7
403
996
944
853
720
702
653
145
430
405
186
263
622
496
894
871
169
313
34
105
318
133
195
65
217
268
597
376
457
212
383
213
560
327
66
632
381
71
777
811
476
963
427
99
812
673
322
981
986
708
87
656
841
634
722
58
902
671
786
712
235
170
925
795
849
343
780
231
414
557
42
242
873
821
693
685
494
367
666
480
75
105
137
917
740
211
327
994
882
114
58
117
636
335
264
837
678
44
68
444
954
463
39
827
284
732
864
779
100
530
611
175
988
100
444
80
663
124
426
545
590
485
14
226
172
631
63
203
27
484
647
333
299
38
512
935
771
376
714
223
259
678
750
247
130
195
679
794
319
105
691
909
942
58
487
467
689
902
670
68
386
669
402
685
708
914
621
831
643
687
54
902
717
804
501
848
351
180
642
22
637
685
283
932
743
770
751
784
673
421
205
411
442
607
449
502
873
422
333
516
461
387
770
179
544
271
379
895
803
21
918
793
58
201
77
802
972
828
938
997
601
143
760
395
750
209
898
976
631
231
844
93
971
615
624
515
238
3
410
394
376
328
539
434
530
616
236
854
796
527
851
397
670
611
792
773
173
42
749
804
274
945
249
245
912
873
112
503
228
522
897
604
203
436
39
733
404
627
939
200
154
142
949
825
105
741
598
278
784
699
435
410
996
36
7
909
262
119
412
490
993
661
95
196
97
134
281
501
113
220
53
620
714
2
445
820
743
395
450
879
446
885
289
442
274
648
703
536
119
467
26
113
128
121
661
225
607
943
78
73
515
131
693
230
133
138
402
229
885
852
460
683
90
102
477
364
750
181
900
870
648
278
983
129
400
644
706
359
939
785
432
807
268
125
389
754
615
791
983
852
995
443
535
437
545
365
801
648
546
53
518
546
332
853
675
84
849
382
443
141
519
228
948
787
705
337
541
673
480
876
525
827
672
413
265
569
778
66
217
676
120
87
574
804
292
250
888
142
984
683
635
503
911
583
642
969
272
536
642
752
412
519
579
436
284
196
358
414
263
575
90
735
15
17
539
659
267
779
153
251
462
788
106
726
371
748
695
995
284
337
747
49
208
679
837
493
875
195
907
490
123
350
577
490
719
468
149
986
247
303
589
710
91
47
788
815
795
483
810
432
172
910
833
380
589
670
225
816
218
485
659
341
187
236
831
906
705
980
244
952
635
833
14
727
880
802
542
27
637
352
811
809
262
644
542
203
667
119
372
237
604
31
930
143
267
761
49
972
93
293
277
729
478
643
808
710
446
350
90
435
54
901
597
317
898
139
872
917
610
244
154
215
275
84
710
895
197
760
219
642
405
848
371
236
492
531
946
290
881
388
725
936
290
322
605
188
813
829
457
424
74
611
991
701
47
701
596
244
813
168
886
219
16
610
807
508
141
753
150
375
142
876
663
784
550
620
324
364
449
781
788
523
744
779
577
791
832
525
35
646
693
273
217
62
883
24
922
377
777
73
104
271
301
767
407
851
387
731
215
836
864
355
712
608
486
289
399
319
166
786
317
860
60
534
274
295
558
196
24
687
621
128
959
922
895
718
774
634
802
341
823
666
697
887
275
535
528
26
854
694
813
171
906
225
705
180
520
615
729
545
303
350
25
614
273
273
332
399
907
134
740
82
801
789
969
428
325
497
454
179
544
619
703
450
844
760
983
365
376
712
262
679
414
639
293
687
912
977
438
172
112
179
254
265
968
224
45
293
73
499
825
969
119
880
420
963
640
755
680
16
819
294
47
233
934
692
273
198
22
711
370
134
242
625
751
211
201
796
856
626
647
33
596
766
913
368
82
554
123
114
922
942
761
322
527
47
14
800
245
36
864
968
522
106
593
625
669
146
773
526
772
421
559
368
539
473
88
973
379
211
440
301
505
201
975
385
600
990
185
197
378
401
165
253
508
110
878
177
256
4
55
381
425
967
749
964
792
190
938
171
401
730
824
259
931
800
644
883
142
181
80
872
583
598
477
443
60
708
620
317
712
28
50
137
995
151
453
787
341
743
310
95
473
486
354
756
638
350
639
132
883
72
5
818
22
834
261
82
542
234
751
606
262
801
743
609
953
549
748
646
292
58
741
118
896
95
226
535
797
866
667
33
290
24
851
664
859
465
98
753
51
202
360
665
355
455
274
660
4
22
307
649
432
48
119
328
496
345
215
293
563
235
678
205
259
882
869
470
699
320
576
750
522
936
415
877
743
41
538
100
415
197
749
199
245
220
879
741
565
95
387
129
330
65
334
941
299
556
764
998
876
340
100
750
628
515
979
371
908
869
471
675
66
572
874
312
792
754
405
710
201
792
839
883
210
525
176
509
433
940
860
309
280
960
411
260
828
391
984
736
260
807
764
327
732
638
991
524
744
396
586
945
189
777
180
751
303
357
260
736
297
472
398
930
433
809
190
261
200
526
349
813
334
113
492
66
104
483
942
848
879
529
146
420
306
326
171
961
35
784
698
333
256
448
615
689
257
157
302
810
684
4
975
18
117
467
84
573
950
378
422
181
907
920
602
566
246
125
527
634
909
577
967
166
25
934
207
635
91
862
797
775
866
772
145
335
239
229
909
541
960
683
722
867
603
324
433
201
450
313
835
711
890
154
229
268
88
437
903
180
651
52
307
517
824
453
204
415
34
465
956
994
148
30
862
751
355
647
305
157
312
140
868
203
295
98
471
735
887
726
915
890
130
223
759
954
676
963
721
62
429
29
57
929
59
271
33
414
270
338
923
583
830
144
786
477
594
609
213
833
687
480
723
817
703
482
123
731
797
844
146
578
873
203
508
284
826
893
51
96
231
974
679
413
470
817
243
64
778
456
897
817
936
620
634
992
454
109
75
252
305
221
830
530
776
690
815
602
583
866
699
166
840
730
580
311
548
175
727
678
631
625
496
919
597
482
263
52
592
691
656
897
264
486
780
41
529
595
995
112
461
46
279
653
777
211
316
677
386
44
355
369
21
203
640
618
686
256
22
630
947
678
527
211
517
659
604
46
254
600
158
715
998
789
721
775
352
37
452
90
433
160
459
454
363
452
73
401
708
447
31
7
126
911
570
995
570
175
41
825
127
551
892
125
341
613
253
45
3
57
136
436
217
947
891
933
751
316
334
459
763
366
466
241
277
389
236
847
564
277
24
43
181
917
520
874
530
773
919
533
183
55
322
400
355
213
685
106
881
20
918
644
738
384
238
367
125
474
214
689
104
591
84
285
508
957
159
390
82
430
276
265
838
598
18
193
163
703
299
44
75
217
688
813
954
278
180
79
753
747
121
209
338
557
846
198
514
357
588
949
787
864
214
625
814
232
170
977
288
822
21
363
39
62
529
345
340
709
777
445
808
250
6
146
807
204
696
674
561
285
623
701
501
189
678
316
422
849
293
710
671
315
425
62
729
954
760
69
16
537
867
824
139
873
323
298
78
19
972
991
304
947
44
806
489
723
474
911
924
767
973
947
434
750
9
163
705
121
585
721
10
804
897
149
29
220
448
459
592
772
451
248
72
495
406
561
570
880
824
494
648
797
441
434
899
803
598
604
924
535
677
935
339
575
436
368
147
884
828
739
9
631
340
81
478
746
642
49
627
466
543
627
615
337
61
514
140
11
471
416
898
148
703
589
75
140
310
575
376
490
314
385
121
6
466
951
753
460
0
732
926
896
711
541
233
124
408
725
488
879
493
386
379
197
328
455
689
638
30
65
480
696
803
601
703
269
552
808
730
905
892
8
801
603
902
34
79
310
111
567
189
604
306
920
801
634
375
842
624
757
908
104
806
711
57
509
332
961
669
414
218
913
423
19
516
677
405
947
987
516
515
528
473
173
448
626
159
176
469
135
933
729
591
739
440
648
600
124
961
621
891
180
534
314
551
402
991
309
350
330
177
217
858
650
390
658
277
901
186
98
36
120
827
627
211
619
627
164
95
940
137
986
472
672
652
24
426
995
333
128
325
510
345
535
513
87
194
142
340
732
240
376
852
67
355
416
38
982
932
133
923
69
120
395
93
772
771
520
768
456
0
445
967
346
981
832
785
527
974
126
259
214
854
464
633
210
232
23
192
164
156
467
585
628
863
679
753
986
551
873
443
903
318
762
249
651
594
387
530
920
865
790
486
719
606
471
929
838
494
122
354
2
589
291
983
804
322
736
143
225
961
586
129
279
700
730
283
646
117
813
566
982
955
404
702
561
875
631
751
369
105
457
723
47
101
706
203
423
794
346
649
755
284
778
387
336
860
670
982
978
835
900
312
791
304
366
704
179
350
808
900
455
617
624
854
718
682
58
494
829
756
143
584
393
273
323
729
133
345
64
463
181
964
776
324
269
142
380
800
492
540
701
300
158
677
154
228
711
564
722
540
673
217
477
418
842
800
499
976
146
563
791
679
528
567
355
149
62
87
301
906
628
2
206
138
31
713
366
743
629
441
635
654
658
112
72
853
913
572
829
411
487
972
442
367
540
797
516
954
884
170
212
864
172
771
2
556
484
721
651
465
514
286
472
172
399
544
25
664
468
206
427
956
179
869
675
71
18
192
377
254
362
589
119
886
360
473
794
196
194
445
14
708
732
486
233
483
382
610
499
203
169
926
511
700
795
186
771
165
730
500
419
92
89
538
331
802
12
477
998
558
923
364
267
7
850
852
842
585
462
341
788
983
267
299
683
414
485
454
579
216
306
998
660
396
889
343
550
901
821
900
811
96
265
78
455
467
282
297
52
745
990
840
728
609
491
412
23
329
218
954
897
877
952
909
625
841
253
175
94
426
75
906
874
340
336
681
808
619
978
212
716
320
405
796
929
896
560
304
577
131
258
474
8
210
384
633
404
989
808
850
767
235
108
641
576
797
322
736
768
652
948
484
324
353
632
253
602
193
909
179
324
167
654
684
729
390
317
485
379
125
688
146
360
796
139
288
945
813
376
713
817
325
549
141
30
534
746
632
727
655
164
403
822
818
87
551
560
404
389
939
881
77
437
593
225
928
234
171
93
610
236
910
287
786
51
318
672
149
302
399
804
466
154
626
636
241
529
196
997
270
487
230
347
276
823
573
556
57
744
649
20
332
911
307
470
962
977
142
463
280
541
267
98
695
245
87
288
127
635
285
397
475
515
745
751
691
318
660
100
414
309
120
746
221
428
217
535
405
359
999
37
253
618
136
300
864
575
589
991
210
226
388
685
94
485
789
137
803
449
237
569
110
358
668
683
138
885
571
895
596
922
285
849
540
421
502
756
348
443
747
558
669
488
244
115
973
33
252
129
834
842
698
944
552
366
980
690
603
551
937
552
473
222
753
365
995
255
122
343
698
221
902
720
709
498
187
683
531
440
164
717
634
214
661
186
581
641
228
536
544
165
88
369
388
842
735
383
449
209
79
148
430
981
220
140
831
407
175
362
199
339
79
833
553
92
371
486
86
599
375
630
765
463
352
505
657
87
240
459
296
319
607
726
652
179
218
483
586
393
197
138
84
628
323
990
721
695
828
159
294
203
141
59
19
493
564
676
932
157
487
580
476
94
307
129
625
877
964
564
623
162
702
707
790
377
49
863
72
878
374
719
81
516
778
100
9
695
129
942
852
616
522
680
63
181
161
40
411
126
604
34
640
658
93
782
36
143
998
460
373
372
179
806
888
310
907
250
357
388
544
561
356
418
241
771
952
403
164
363
881
768
749
873
779
842
655
815
337
653
627
62
378
807
869
266
469
128
868
826
868
412
387
224
183
980
348
135
735
512
850
968
632
599
841
411
793
497
578
483
502
206
545
880
365
766
499
834
894
367
12
762
132
399
339
667
379
39
802
467
551
4
435
535
603
277
947
748
126
525
231
628
83
129
861
800
895
360
634
142
79
646
904
563
397
595
230
129
634
384
596
537
388
383
73
343
660
20
92
786
897
675
767
333
156
628
133
404
988
120
546
67
766
450
631
516
398
213
645
32
598
593
570
986
976
643
330
637
15
774
775
264
801
542
597
310
170
731
714
510
851
260
930
969
62
561
485
460
774
482
845
724
75
415
711
52
410
393
41
425
519
168
689
672
711
639
982
233
722
696
744
573
308
674
894
371
587
380
183
713
214
28
438
290
795
501
694
205
894
87
982
765
255
24
437
318
15
772
552
737
820
648
310
129
322
204
852
261
936
387
974
151
416
764
793
563
265
487
121
511
926
455
276
181
479
66
852
494
190
404
583
10
52
893
139
726
450
343
339
738
731
665
241
499
430
34
414
695
873
535
559
151
991
187
333
822
605
185
669
795
941
252
806
345
498
297
423
300
641
762
38
724
427
632
223
209
666
637
257
892
525
816
395
516
3
80
690
609
265
359
756
558
612
562
255
462
860
678
762
853
792
800
577
572
432
152
781
451
141
38
695
666
206
90
534
210
171
225
171
788
584
927
699
548
842
954
10
54
985
772
907
129
925
836
701
357
340
483
160
481
873
207
148
80
650
682
642
821
259
165
961
844
444
660
744
286
967
755
692
952
879
951
81
804
787
135
514
127
970
674
961
843
234
461
275
884
495
917
57
755
82
18
951
527
31
695
165
998
450
858
302
330
809
735
486
949
870
0
428
192
27
389
