Taille_mat;Run_ID;Eff
10000;0;0.3573891625615764
10000;1;0.2018642181413467
10000;2;0.356335952848723
10000;3;0.3038107202680067
10000;4;0.25296373779637377
10000;5;0.19439978563772775
10000;6;0.2878968253968254
10000;7;0.27418745275888134
10000;8;0.3241733690795353
10000;9;0.18329964628600304
10000;10;0.27818251533742333
10000;11;0.23448610213316096
10000;12;0.29113162118780095
10000;13;0.24982782369146006
10000;14;0.2645878920495988
10000;15;0.24183333333333334
10000;16;0.2878968253968254
10000;17;0.2329800899165061
10000;18;0.307937181663837
10000;19;0.24510135135135136
20000;0;0.3753813300793167
20000;1;0.25635416666666666
20000;2;0.28016848816029144
20000;3;0.2762685226762461
20000;4;0.24649439102564102
20000;5;0.30808713069604404
20000;6;0.3677525403466826
20000;7;0.34584035975267
20000;8;0.3699639206253758
20000;9;0.4348056537102474
20000;10;0.2718736190897039
20000;11;0.3363860032804811
20000;12;0.2740534521158129
20000;13;0.2604784081287045
20000;14;0.32212041884816756
20000;15;0.2604784081287045
20000;16;0.2790249433106576
20000;17;0.3307795698924731
20000;18;0.2884435067979372
20000;19;0.3474025974025974
30000;0;0.3812392426850258
30000;1;0.343091697645601
30000;2;0.413863976083707
30000;3;0.35633848133848134
30000;4;0.41448353293413176
30000;5;0.4637772194304858
30000;6;0.540771484375
30000;7;0.3999638858793788
30000;8;0.5226521944313355
30000;9;0.36133768352365414
30000;10;0.39809489575844714
30000;11;0.4028737722808294
30000;12;0.42046317388003035
30000;13;0.5624682579989843
30000;14;0.41401869158878507
30000;15;0.4056776556776557
30000;16;0.5075618698441796
30000;17;0.4312694704049844
30000;18;0.4855326611135467
30000;19;0.46184320266889073
40000;0;0.546299671892089
40000;1;0.5633458646616541
40000;2;0.5962992439315559
40000;3;0.4752616555661275
40000;4;0.5088285229202038
40000;5;0.46407556519046145
40000;6;0.4622146822948797
40000;7;0.5648322653599699
40000;8;0.45450409463148317
40000;9;0.4368804664723032
40000;10;0.5124829001367989
40000;11;0.4393139841688654
40000;12;0.40369073275862066
40000;13;0.5363278453829635
40000;14;0.46207215541165586
40000;15;0.45121951219512196
40000;16;0.4605101413644745
40000;17;0.5937004754358162
40000;18;0.4276541095890411
40000;19;0.5295053003533569
50000;0;0.4776205049732211
50000;1;0.5023471030042919
50000;2;0.45934510669610007
50000;3;0.5329396698918611
50000;4;0.6400375939849624
50000;5;0.5429834734705712
50000;6;0.5254629629629629
50000;7;0.5140680757617349
50000;8;0.5545602605863192
50000;9;0.517620232172471
50000;10;0.4829164517792677
50000;11;0.42514188422247445
50000;12;0.45018028846153846
50000;13;0.42943132309103416
50000;14;0.5445623727827857
50000;15;0.41849162011173185
50000;16;0.4397158957501761
50000;17;0.5558771148708815
50000;18;0.5039693218514532
50000;19;0.5789026275115919
60000;0;0.48325258057720666
60000;1;0.6264336428181322
60000;2;0.631781878270449
60000;3;0.5290590405904059
60000;4;0.5085346929727333
60000;5;0.5223132969034608
60000;6;0.5065135791565467
60000;7;0.5173658096526839
60000;8;0.5495927168183996
60000;9;0.42238998342846623
60000;10;0.4931212381771281
60000;11;0.5257850103140042
60000;12;0.5629447852760736
60000;13;0.5295475530932595
60000;14;0.591542031975245
60000;15;0.5187697874265038
60000;16;0.5894141829393628
60000;17;0.5290590405904059
60000;18;0.5165503265030399
60000;19;0.5542401546267214
70000;0;0.6406324298621018
70000;1;0.5284369484212591
70000;2;0.5715952481968604
70000;3;0.522493697886368
70000;4;0.6356451993394668
70000;5;0.5378243512974051
70000;6;0.5061044327573253
70000;7;0.5906400701446733
70000;8;0.5658336833263334
70000;9;0.5885757972913936
70000;10;0.5639388865634156
70000;11;0.6724482156226603
70000;12;0.6052336028751123
70000;13;0.5567148760330578
70000;14;0.6064595993697952
70000;15;0.5954696132596685
70000;16;0.6666254329539831
70000;17;0.5824686554258539
70000;18;0.607827656214753
70000;19;0.5340931615460852
80000;0;0.53183841150291
80000;1;0.5779389880952381
80000;2;0.5823805060918463
80000;3;0.659660297239915
80000;4;0.5543264942016057
80000;5;0.5734588409007013
80000;6;0.5351360661384774
80000;7;0.5498141921783755
80000;8;0.581726268489047
80000;9;0.6111329661683713
80000;10;0.49037247474747475
80000;11;0.5858947765415803
80000;12;0.6093351637575996
80000;13;0.61793953858393
80000;14;0.5250971776237958
80000;15;0.6055349834340285
80000;16;0.5873345935727788
80000;17;0.6345996732026143
80000;18;0.5384748700173311
80000;19;0.6023652578518806
90000;0;0.5657830541551472
90000;1;0.5845094086021505
90000;2;0.5563729409883256
90000;3;0.6274120829576195
90000;4;0.6103508771929824
90000;5;0.5729578392621871
90000;6;0.5627628599158848
90000;7;0.6822906452245538
90000;8;0.5403012890200342
90000;9;0.6361309197293838
90000;10;0.5418159165239059
90000;11;0.5638573743922204
90000;12;0.6467744934002603
90000;13;0.6032599271718397
90000;14;0.6164068036853295
90000;15;0.5796401199600133
90000;16;0.604412786657401
90000;17;0.6465341014681286
90000;18;0.6249326387641458
90000;19;0.6257194244604316
100000;0;0.5487114131973945
100000;1;0.6421942326814717
100000;2;0.5467757866516156
100000;3;0.5973485432403268
100000;4;0.5789630957717018
100000;5;0.6573367260390162
100000;6;0.6780402449693789
100000;7;0.6230905290239588
100000;8;0.6482101037136166
100000;9;0.5741591346866203
100000;10;0.4994200283541694
100000;11;0.6213919178960873
100000;12;0.4947019022086046
100000;13;0.6164492523067133
100000;14;0.6690262430939227
100000;15;0.5988255292845001
100000;16;0.5861443049463017
100000;17;0.6969424460431655
100000;18;0.6940712878380799
100000;19;0.6705312337774701
110000;0;0.5762097846317469
110000;1;0.6661927451583154
110000;2;0.7038405326404676
110000;3;0.6428730347078019
110000;4;0.6202418431597023
110000;5;0.6624254928931683
110000;6;0.6620207728730716
110000;7;0.5971686414990356
110000;8;0.6134819532908705
110000;9;0.5999792358803987
110000;10;0.5951187697377455
110000;11;0.5762097846317469
110000;12;0.543957078313253
110000;13;0.5798327759197325
110000;14;0.5392199552127395
110000;15;0.5676817288801572
110000;16;0.6807366106486571
110000;17;0.7203340535150408
110000;18;0.6204194102490695
110000;19;0.6309870432377348
120000;0;0.6486699574934869
120000;1;0.6459243582741672
120000;2;0.6803897598159068
120000;3;0.6184795398091254
120000;4;0.6918324071365897
120000;5;0.5502151663177484
120000;6;0.6819590601124406
120000;7;0.5934951699912182
120000;8;0.6407625626439117
120000;9;0.6238625873664776
120000;10;0.6511699931176875
120000;11;0.6385139694965583
120000;12;0.5884017412935323
120000;13;0.6256778203941278
120000;14;0.6021830448065173
120000;15;0.6344039157838273
120000;16;0.6273372231799496
120000;17;0.6687517670342098
120000;18;0.6374814714997978
120000;19;0.5870873665922065
130000;0;0.6162459036290812
130000;1;0.5557410245183888
130000;2;0.6435044359949303
130000;3;0.6348149537384347
130000;4;0.5990855457227139
130000;5;0.589897757639131
130000;6;0.6188749390541199
130000;7;0.5639509052538043
130000;8;0.6354505632040051
130000;9;0.6287616099071207
130000;10;0.6506792259387415
130000;11;0.6501792803175823
130000;12;0.6352120605529838
130000;13;0.6773279082177162
130000;14;0.6426085305657512
130000;15;0.6577600725482575
130000;16;0.6704410405387561
130000;17;0.6664807035967446
130000;18;0.6364063675106543
130000;19;0.6736433594268276
140000;0;0.6011660548477651
140000;1;0.5909573338993844
140000;2;0.6190105614230128
140000;3;0.6050201021406063
140000;4;0.5810289053532297
140000;5;0.5918996491974062
140000;6;0.5948082469821601
140000;7;0.620044543429844
140000;8;0.6256882795819755
140000;9;0.6315073154134059
140000;10;0.5758609990691902
140000;11;0.6593250444049733
140000;12;0.6358341897910244
140000;13;0.5767557489123679
140000;14;0.6287972896668549
140000;15;0.6164747564216121
140000;16;0.5953170105848391
140000;17;0.6153166095701182
140000;18;0.6318656377666818
140000;19;0.6085911028527708
150000;0;0.6537836960051965
150000;1;0.6462970890410958
150000;2;0.6314963923454983
150000;3;0.6195752539242844
150000;4;0.6264522821576763
150000;5;0.6610837438423646
150000;6;0.5900341963849536
150000;7;0.5591148967688176
150000;8;0.587508512501216
150000;9;0.700011591515011
150000;10;0.6659682399647111
150000;11;0.6552734375
150000;12;0.6973441108545034
150000;13;0.6991201667052559
150000;14;0.6869525651234217
150000;15;0.6229626573138024
150000;16;0.6132832334721234
150000;17;0.616287376262884
150000;18;0.6040812243673102
150000;19;0.5889409011117612
160000;0;0.6285959744722631
160000;1;0.6147733819857883
160000;2;0.6337606414571372
160000;3;0.6574501951119326
160000;4;0.5866089426424775
160000;5;0.6029619514032775
160000;6;0.5794415784233867
160000;7;0.5936254056560037
160000;8;0.6296469315499607
160000;9;0.6187542282787282
160000;10;0.6725759008299191
160000;11;0.6307014087282041
160000;12;0.6393937880755018
160000;13;0.6451279725916969
160000;14;0.6043849712074011
160000;15;0.6060441120787581
160000;16;0.613242337164751
160000;17;0.6054709665216569
160000;18;0.5855359429303091
160000;19;0.6135361763296598
170000;0;0.740730731812777
170000;1;0.6092735840668623
170000;2;0.6747243009058684
170000;3;0.6468894553006702
170000;4;0.5641775069981887
170000;5;0.6186800288912965
170000;6;0.6415597790469058
170000;7;0.6320328352702453
170000;8;0.6802839273304875
170000;9;0.6631665537597987
170000;10;0.5245330679730558
170000;11;0.5956623783031989
170000;12;0.6589575920761611
170000;13;0.6366127833519137
170000;14;0.6514402509744273
170000;15;0.6526190476190477
170000;16;0.6475618975618975
170000;17;0.6118303571428572
170000;18;0.7120960199521978
170000;19;0.6958972275820047
180000;0;0.6147000941216737
180000;1;0.6128124200290028
180000;2;0.7114280055456526
180000;3;0.6674718944532194
180000;4;0.6807542878802236
180000;5;0.5729781464348381
180000;6;0.598367482925204
180000;7;0.6414285714285715
180000;8;0.6955848179705655
180000;9;0.6737315952358623
180000;10;0.6717785674209837
180000;11;0.6785039667548167
180000;12;0.7202727090435131
180000;13;0.6040528041705204
180000;14;0.6604762342557691
180000;15;0.6845164363982849
180000;16;0.6907028170368233
180000;17;0.7078529904424081
180000;18;0.706599783613652
180000;19;0.7198396793587174
190000;0;0.6686981098745804
190000;1;0.673576512455516
190000;2;0.5763550548112059
190000;3;0.49786282632997964
190000;4;0.5929203539823009
190000;5;0.5972233178196734
190000;6;0.6188491090403793
190000;7;0.636218487394958
190000;8;0.6620321790835957
190000;9;0.5894122226547295
190000;10;0.6781012091356919
190000;11;0.7346206093537745
190000;12;0.6668134578122248
190000;13;0.5744745428332954
190000;14;0.6458795427401467
190000;15;0.6816422076168183
190000;16;0.682379450202794
190000;17;0.690154968094804
190000;18;0.6787699480007172
190000;19;0.6101708575112831
200000;0;0.6083415785067356
200000;1;0.65366372260386
200000;2;0.6492040285899935
200000;3;0.681531377899045
200000;4;0.6824624316939891
200000;5;0.6558628046278822
200000;6;0.6551639344262296
200000;7;0.6575353734781179
200000;8;0.6611248966087676
200000;9;0.6945603058741745
200000;10;0.6163158300562881
200000;11;0.6219265483971367
200000;12;0.6838637919233401
200000;13;0.6119277292910733
200000;14;0.689943892965041
200000;15;0.6954062989385766
200000;16;0.6781199626707389
200000;17;0.6412869062901155
200000;18;0.6727548186179615
200000;19;0.6609608864632432
210000;0;0.6863182878751307
210000;1;0.6684101238050463
210000;2;0.5274377048166697
210000;3;0.680080523000877
210000;4;0.6740616357171079
210000;5;0.7148453867426464
210000;6;0.6458396426408237
210000;7;0.6579952175254551
210000;8;0.6645567154876909
210000;9;0.7034677552366815
210000;10;0.6719907042697337
210000;11;0.6867603252556155
210000;12;0.6742747608884673
210000;13;0.6883674951581665
210000;14;0.6649193234079039
210000;15;0.6649711568444029
210000;16;0.6529085342518178
210000;17;0.6633164852255055
210000;18;0.5205180619965829
210000;19;0.7038740820199686
220000;0;0.6844724998092914
220000;1;0.6838465056017072
220000;2;0.6820790573926264
220000;3;0.6110978682830485
220000;4;0.6670197740112994
220000;5;0.6838986280487804
220000;6;0.6912750385208012
220000;7;0.6615608641156087
220000;8;0.6517104880883208
220000;9;0.7048507462686567
220000;10;0.6883054617980976
220000;11;0.6929299559811568
220000;12;0.6774954696466324
220000;13;0.7100941753719532
220000;14;0.690370854812649
220000;15;0.6496814133661574
220000;16;0.7176477645365112
220000;17;0.6033723354179276
220000;18;0.6149088541666666
220000;19;0.673984075715466
230000;0;0.7096364050402307
230000;1;0.7002284473073178
230000;2;0.6802059080325961
230000;3;0.6035345384118787
230000;4;0.5952343053610085
230000;5;0.6680064308681672
230000;6;0.6009352702963296
230000;7;0.6440750947295901
230000;8;0.6235825773745998
230000;9;0.53087734241908
230000;10;0.6181400423168474
230000;11;0.69127107364685
230000;12;0.6302669722915122
230000;13;0.6932703003337041
230000;14;0.7084533191876327
230000;15;0.6881670960618329
230000;16;0.6862475225721206
230000;17;0.6439863608183509
230000;18;0.6128318584070797
230000;19;0.663690898764731
240000;0;0.6067063713629878
240000;1;0.6084427300441735
240000;2;0.6133270617748511
240000;3;0.6159151026577655
240000;4;0.6167307813583907
240000;5;0.6192692502532928
240000;6;0.6648198504418763
240000;7;0.7109778262450018
240000;8;0.6761736845744313
240000;9;0.6628371966924224
240000;10;0.6826399553259808
240000;11;0.6986355193599085
240000;12;0.6760334577630306
240000;13;0.689376850415903
240000;14;0.7002864303616183
240000;15;0.6097325269655215
240000;16;0.6825446677833612
240000;17;0.6765479072985127
240000;18;0.6818308582583839
240000;19;0.4604067605103338
250000;0;0.7173139272624753
250000;1;0.5965912421595638
250000;2;0.6872805240410589
250000;3;0.6927540671159214
250000;4;0.7460233103650491
250000;5;0.7436792108147607
250000;6;0.6585085732772565
250000;7;0.6834956346541303
250000;8;0.6614187300968349
250000;9;0.6036686636218044
250000;10;0.7489329604827434
250000;11;0.6572328059412335
250000;12;0.6727425965097832
250000;13;0.656808647950952
250000;14;0.6747497182258172
250000;15;0.6220052560811636
250000;16;0.7384450732839937
250000;17;0.738927611994482
250000;18;0.6910137153720803
250000;19;0.6740793482580474
260000;0;0.712507610092674
260000;1;0.7309507286606524
260000;2;0.6789789209050474
260000;3;0.672261935154455
260000;4;0.707387508394896
260000;5;0.6740257247072374
260000;6;0.6972264513139604
260000;7;0.6285731336158024
260000;8;0.7028091012210582
260000;9;0.6510693534429473
260000;10;0.6865019878772078
260000;11;0.7088633151625278
260000;12;0.7006585511873877
260000;13;0.7299376299376299
260000;14;0.5781644527390493
260000;15;0.6131323127073753
260000;16;0.6899194340734919
260000;17;0.6057974348651292
260000;18;0.6160729952623267
260000;19;0.6910510431701876
270000;0;0.6022017745645745
270000;1;0.705078876490958
270000;2;0.626388651512562
270000;3;0.6678612646540728
270000;4;0.7323165045957106
270000;5;0.7234504540071062
270000;6;0.7149359516223421
270000;7;0.729159758604682
270000;8;0.6985831374293157
270000;9;0.7024661385126502
270000;10;0.7061657032755299
270000;11;0.6254266211604096
270000;12;0.69055395050873
270000;13;0.6225934314835787
270000;14;0.6930349826662464
270000;15;0.6253910471531767
270000;16;0.6994274809160306
270000;17;0.6769903331075673
270000;18;0.6136972538513061
270000;19;0.6144517715435341
280000;0;0.6170397943334583
280000;1;0.6138507033248082
280000;2;0.6210981724082161
280000;3;0.6186966328338972
280000;4;0.7036002198607548
280000;5;0.6299622703412073
280000;6;0.7019283494790715
280000;7;0.6281418679461316
280000;8;0.6147022729698004
280000;9;0.6218356992497436
280000;10;0.6143417053271476
280000;11;0.5324805879090405
280000;12;0.6120895760280523
280000;13;0.6952776101388051
280000;14;0.7006476920270024
280000;15;0.6964544795067102
280000;16;0.6927274367145692
280000;17;0.7093184336904322
280000;18;0.6926025009017674
280000;19;0.6805736058601134
290000;0;0.737816884075806
290000;1;0.703614599225443
290000;2;0.6830143540669856
290000;3;0.7249259415996614
290000;4;0.7178520114942529
290000;5;0.7167792456213761
290000;6;0.7125623960066556
290000;7;0.7118010210138905
290000;8;0.7014331675928634
290000;9;0.7175513135060738
290000;10;0.6956143404107205
290000;11;0.7210896626375609
290000;12;0.6908053923263049
290000;13;0.7396373056994818
290000;14;0.6908849965429823
290000;15;0.716222673515709
290000;16;0.691522491349481
290000;17;0.7078930279237263
290000;18;0.7087298303682251
290000;19;0.6928010168708112
300000;0;0.7368241842837686
300000;1;0.7086655655541634
300000;2;0.7166244312618787
300000;3;0.7370860730999348
300000;4;0.7327454213532771
300000;5;0.692417918753478
300000;6;0.703337855406704
300000;7;0.7290958631196531
300000;8;0.6535057773109244
300000;9;0.7165006334216285
300000;10;0.7020283231776123
300000;11;0.7009605092670835
300000;12;0.7206086755081949
300000;13;0.7148130062618486
300000;14;0.6702262321572852
300000;15;0.675355514546244
300000;16;0.6960979020979021
300000;17;0.7074567887195815
300000;18;0.7201082238555472
300000;19;0.7008420637602794
310000;0;0.6988107549120993
310000;1;0.7043310110263865
310000;2;0.7146017699115044
310000;3;0.7047949717297031
310000;4;0.7146017699115044
310000;5;0.7114340333573447
310000;6;0.7016750464531643
310000;7;0.7424965301873698
310000;8;0.7120653319283456
310000;9;0.7113157894736842
310000;10;0.7158767772511848
310000;11;0.7113946143617021
310000;12;0.7174368573983013
310000;13;0.7241539763113367
310000;14;0.6910624899079606
310000;15;0.6416737468139337
310000;16;0.7020971181713785
310000;17;0.706268221574344
310000;18;0.7193663155535635
310000;19;0.7187220107478728
320000;0;0.6245631847374387
320000;1;0.6211313577231954
320000;2;0.6348766321044547
320000;3;0.6161829109206113
320000;4;0.7057873952718928
320000;5;0.6248582632523859
320000;6;0.6327504545019615
320000;7;0.6364959815198037
320000;8;0.6244452313503305
320000;9;0.6361592111592111
320000;10;0.6382775927802712
320000;11;0.7394057136467825
320000;12;0.714596390749946
320000;13;0.7156403874249229
320000;14;0.6299176033530196
320000;15;0.7194163402959095
320000;16;0.7046592785976876
320000;17;0.6944838269271162
320000;18;0.6865882780459949
320000;19;0.7155242371781
330000;0;0.7235864082824529
330000;1;0.7261308540678779
330000;2;0.7398485424244069
330000;3;0.7215560144006776
330000;4;0.6197139869043289
330000;5;0.7003108781665895
330000;6;0.7239707835325365
330000;7;0.7170761864674313
330000;8;0.7051663475966264
330000;9;0.7061894398673506
330000;10;0.6334239635620004
330000;11;0.7032378740970072
330000;12;0.7186643113267244
330000;13;0.6680104891677286
330000;14;0.7148195741109828
330000;15;0.6883554724986111
330000;16;0.7176425675319889
330000;17;0.704328165374677
330000;18;0.7107191280767626
330000;19;0.7215560144006776
340000;0;0.7119598142164781
340000;1;0.7058308308308309
340000;2;0.7045261527701454
340000;3;0.7296786878460185
340000;4;0.6988354806739346
340000;5;0.6949440693835313
340000;6;0.7217246673490276
340000;7;0.7248779234130044
340000;8;0.7168089864796178
340000;9;0.6837575757575758
340000;10;0.7089889899954753
340000;11;0.7230568088597211
340000;12;0.7269329896907216
340000;13;0.7193318031114512
340000;14;0.6950810784168762
340000;15;0.7029458678097896
340000;16;0.717209988302904
340000;17;0.7018264158455261
340000;18;0.6270007113640406
340000;19;0.7304345574144093
350000;0;0.6871216420734014
350000;1;0.7251921733053809
350000;2;0.7041048754482893
350000;3;0.7319881096332124
350000;4;0.7229548168789809
350000;5;0.7308098591549296
350000;6;0.7214111922141119
350000;7;0.7141066601130499
350000;8;0.7098153214774282
350000;9;0.7062612415536434
350000;10;0.7138259716012382
350000;11;0.7053012282149619
350000;12;0.712810322833873
350000;13;0.7017581992947882
350000;14;0.7426139848701697
350000;15;0.7373375964271214
350000;16;0.7197671538270993
350000;17;0.7025386847195357
350000;18;0.6918992284979522
350000;19;0.7329482393300374
360000;0;0.7028528953702393
360000;1;0.7490569359219394
360000;2;0.710803264604811
360000;3;0.6216450306799682
360000;4;0.7260152098669137
360000;5;0.7079649172846548
360000;6;0.6368777796784126
360000;7;0.6151232910660444
360000;8;0.6223724351205651
360000;9;0.6282270311313591
360000;10;0.611913468649848
360000;11;0.5544170203261113
360000;12;0.6402730008598452
360000;13;0.6287574938782403
360000;14;0.622060482018295
360000;15;0.6108843676935067
360000;16;0.7298221111437813
360000;17;0.7506048082253919
360000;18;0.7231245447924254
360000;19;0.7126399655469423
370000;0;0.7349616858237548
370000;1;0.6616081051950852
370000;2;0.7051417543537196
370000;3;0.7193887117944872
370000;4;0.611686862244898
370000;5;0.6382200041588688
370000;6;0.7048178937215818
370000;7;0.7351729424164032
370000;8;0.7095431847604956
370000;9;0.7415317709591689
370000;10;0.7235607525107266
370000;11;0.7386407393145937
370000;12;0.7187822014051523
370000;13;0.741066254587599
370000;14;0.7285761762332051
370000;15;0.7334512259236248
370000;16;0.7409946885562531
370000;17;0.7233220211161387
370000;18;0.735631081923206
370000;19;0.7115830473894093
380000;0;0.7219512195121951
380000;1;0.7103463889517773
380000;2;0.7372526904459796
380000;3;0.6214299861358685
380000;4;0.6197361144030971
380000;5;0.7283194057567317
380000;6;0.6924740675347605
380000;7;0.7306259314456036
380000;8;0.72596020360944
380000;9;0.6997948077437773
380000;10;0.7406638024644728
380000;11;0.7137722371354475
380000;12;0.7257586972612879
380000;13;0.728623844689053
380000;14;0.7250207967464646
380000;15;0.7182821299391053
380000;16;0.720922751711778
380000;17;0.7146175921286384
380000;18;0.6922296253805763
380000;19;0.6969346956908041
390000;0;0.7344792605951308
390000;1;0.7289252315539845
390000;2;0.7288926174496644
390000;3;0.7465971585701191
390000;4;0.7142246481651979
390000;5;0.6468690438373571
390000;6;0.6459200666111574
390000;7;0.639003294892916
390000;8;0.6450249445676275
390000;9;0.5575396146343133
390000;10;0.6427599131978694
390000;11;0.6442341914817891
390000;12;0.7670928097188868
390000;13;0.68682280028669
390000;14;0.7273955170566172
390000;15;0.7320698332809059
390000;16;0.604547816083423
390000;17;0.6733662629686273
390000;18;0.63277335404933
390000;19;0.752077466414293
400000;0;0.6360900962861072
400000;1;0.7463016093602904
400000;2;0.7474072910119421
400000;3;0.7493923024983119
400000;4;0.7338983424440134
400000;5;0.7387836158693529
400000;6;0.7282161760202965
400000;7;0.7264684063536394
400000;8;0.736104969932791
400000;9;0.6393145161290322
400000;10;0.635313310944894
400000;11;0.7607965451055663
400000;12;0.7498310962976309
400000;13;0.7629932627526468
400000;14;0.7548630633898612
400000;15;0.7351947535771065
400000;16;0.7508456611942991
400000;17;0.7379321808510638
400000;18;0.7139135468930915
400000;19;0.7160630564755474
410000;0;0.7337179487179487
410000;1;0.749214522604294
410000;2;0.7497707323463907
410000;3;0.7108139438602302
410000;4;0.7529272464149454
410000;5;0.7478764646948644
410000;6;0.7250116126852751
410000;7;0.7280244243734894
410000;8;0.755544798450977
410000;9;0.6481069042316259
410000;10;0.7470954266568034
410000;11;0.7360456143359342
410000;12;0.6460097076419461
410000;13;0.7343770050044912
410000;14;0.7048608260119879
410000;15;0.6341508458299475
410000;16;0.7211441532258065
410000;17;0.7531914893617021
410000;18;0.7379120642970731
410000;19;0.7413532535947148
420000;0;0.7549009471028578
420000;1;0.6636157062352299
420000;2;0.6640019644221324
420000;3;0.6863226170332769
420000;4;0.7808663101604278
420000;5;0.7947035005224661
420000;6;0.7650257764365648
420000;7;0.7651540557535108
420000;8;0.7670189519687356
420000;9;0.6632780987681238
420000;10;0.6643161304411123
420000;11;0.783312591193889
420000;12;0.661307561320242
420000;13;0.6514418787251508
420000;14;0.7709714889123548
420000;15;0.7600878654118431
420000;16;0.7656033723417642
420000;17;0.7668900466366959
420000;18;0.7434625880819519
420000;19;0.7416802112962211
430000;0;0.7433762907228048
430000;1;0.7620727854593198
430000;2;0.7712494290578417
430000;3;0.7363621947351728
430000;4;0.741684302998842
430000;5;0.764960256991063
430000;6;0.7685369083085071
430000;7;0.7597660244610791
430000;8;0.7003242591056481
430000;9;0.7646768217373404
430000;10;0.7644250555601284
430000;11;0.7520751508280358
430000;12;0.7615103931778114
430000;13;0.7530203519014027
430000;14;0.7751439779651115
430000;15;0.7744006670835939
430000;16;0.7642363396971692
430000;17;0.7412994891443168
430000;18;0.7602947196070405
430000;19;0.7577513054830287
440000;0;0.7528628656982155
440000;1;0.7544197550888005
440000;2;0.7419644281384591
440000;3;0.7702227189932108
440000;4;0.7596251990364594
440000;5;0.7836864496019544
440000;6;0.6408838827460301
440000;7;0.7469688453508913
440000;8;0.6704201498991064
440000;9;0.6418566943802394
440000;10;0.6320876507559028
440000;11;0.7608055612349213
440000;12;0.7724611807689113
440000;13;0.7299709667294413
440000;14;0.7183313385583568
440000;15;0.7507666854975386
440000;16;0.7274308949446768
440000;17;0.7351047016989333
440000;18;0.7456217689255801
440000;19;0.7493757048493637
450000;0;0.7425411020424103
450000;1;0.7337726237795701
450000;2;0.7453353455372193
450000;3;0.7583556016432018
450000;4;0.6898969558434019
450000;5;0.7282642000842622
450000;6;0.7236080983369486
450000;7;0.764607125623291
450000;8;0.7475624139964616
450000;9;0.75051312413657
450000;10;0.7585673821112263
450000;11;0.7820932050016453
450000;12;0.7376154084878579
450000;13;0.6308224404485435
450000;14;0.7587187263078089
450000;15;0.7367294354682475
450000;16;0.7176001056723402
450000;17;0.7210834692252266
450000;18;0.6366307295677504
450000;19;0.7554930864589956
460000;0;0.7420437593237196
460000;1;0.7562470762513644
460000;2;0.7390472017981637
460000;3;0.684132106079842
460000;4;0.7332646658602964
460000;5;0.7492372161285339
460000;6;0.7468143671080998
460000;7;0.7512973935943612
460000;8;0.7505706879207614
460000;9;0.7743593325882165
460000;10;0.7612325380630984
460000;11;0.7824171170444463
460000;12;0.7716794621902223
460000;13;0.6314860026041667
460000;14;0.7715260101813554
460000;15;0.7618603463849507
460000;16;0.6681102768976444
460000;17;0.7722323952071972
460000;18;0.7769956342371931
460000;19;0.7560996998869705
470000;0;0.7636058316159072
470000;1;0.7683268691678506
470000;2;0.7861071821467861
470000;3;0.7545348267149375
470000;4;0.6782602800094919
470000;5;0.7713779011488935
470000;6;0.7827856025039124
470000;7;0.7547625334791958
470000;8;0.7657099119785687
470000;9;0.7700419505061001
470000;10;0.7363191403231149
470000;11;0.6403789527589298
470000;12;0.7452324195470799
470000;13;0.7485222596333707
470000;14;0.713094304654644
470000;15;0.7591440279253301
470000;16;0.7589424572317263
470000;17;0.7499812579653647
470000;18;0.7549903777215954
470000;19;0.7322768363649672
480000;0;0.7393313202604868
480000;1;0.7369986218901864
480000;2;0.7421121822962313
480000;3;0.7555208565692616
480000;4;0.7501384223542874
480000;5;0.755212010851388
480000;6;0.7282043931630057
480000;7;0.7530850472484714
480000;8;0.7401391266343738
480000;9;0.7452691799911985
480000;10;0.7563362983363727
480000;11;0.7513309671694764
480000;12;0.7709700671497401
480000;13;0.8107719928186714
480000;14;0.7912010901304263
480000;15;0.7702687336542471
480000;16;0.7620654741815728
480000;17;0.7651643510674347
480000;18;0.7838463318676232
480000;19;0.7761821098464594
490000;0;0.7638929971160245
490000;1;0.755982655786893
490000;2;0.7827631279836327
490000;3;0.7816082170014754
490000;4;0.6666532219031331
490000;5;0.7677536231884058
490000;6;0.7553469581749049
490000;7;0.7566194243023512
490000;8;0.7485326618600775
490000;9;0.7481260863267671
490000;10;0.728551026165456
490000;11;0.776584348218313
490000;12;0.7418135794046893
490000;13;0.7545469486140024
490000;14;0.763610659373152
490000;15;0.7469900209704244
490000;16;0.7451579744644017
490000;17;0.7558996780330748
490000;18;0.7230436760691538
490000;19;0.7390538365229834
500000;0;0.7504089179674999
500000;1;0.7454258062237293
500000;2;0.7795991872922053
500000;3;0.7512370069770753
500000;4;0.7427759397437702
500000;5;0.7571938574145168
500000;6;0.7598656968998668
500000;7;0.7426452475630785
500000;8;0.6349474982700003
500000;9;0.7489973736513345
500000;10;0.752335032619158
500000;11;0.745741899007032
500000;12;0.7622810186021312
500000;13;0.6451181487482041
500000;14;0.6426624642182837
500000;15;0.5559031161920818
500000;16;0.6464025361431022
500000;17;0.6464421368620964
500000;18;0.6367483329813234
500000;19;0.6496859895945571
510000;0;0.652158436837322
510000;1;0.7624760926542467
510000;2;0.7742959392871273
510000;3;0.749651774210398
510000;4;0.7536935896089346
510000;5;0.7613704686118479
510000;6;0.749286484981379
510000;7;0.748791304347826
510000;8;0.6304433771634405
510000;9;0.7436953743047638
510000;10;0.7464286952602198
510000;11;0.7337588193189952
510000;12;0.7593562610229276
510000;13;0.7556247806247807
510000;14;0.7827988073160976
510000;15;0.7632330000709069
510000;16;0.760724760592247
510000;17;0.7405996284574102
510000;18;0.7702787319307285
510000;19;0.7745466647477873
520000;0;0.7142798797621381
520000;1;0.7364657728068993
520000;2;0.7531869078380706
520000;3;0.768841879440107
520000;4;0.7439595031478645
520000;5;0.7519433838957108
520000;6;0.7354747005786569
520000;7;0.7394300693387451
520000;8;0.7487755171941362
520000;9;0.7371611141084435
520000;10;0.7648875126832511
520000;11;0.7569422803919532
520000;12;0.7388053396417709
520000;13;0.7316348728246319
520000;14;0.7428724344162022
520000;15;0.6684375477755695
520000;16;0.727738015978695
520000;17;0.7616364143120928
520000;18;0.6378191101385849
520000;19;0.6938317252761204
530000;0;0.7343528675429061
530000;1;0.6472172221577053
530000;2;0.7465506848397575
530000;3;0.7581794374723667
530000;4;0.7543312015700606
530000;5;0.6359001055424024
530000;6;0.8034871147954586
530000;7;0.7760748476936467
530000;8;0.55995051743193
530000;9;0.7695912590188836
530000;10;0.6484409086942611
530000;11;0.6409646348476136
530000;12;0.7564300498795427
530000;13;0.6360633987674047
530000;14;0.7810507322542218
530000;15;0.7620150401640745
530000;16;0.7567895576603184
530000;17;0.7613124103544839
530000;18;0.7607148950691008
530000;19;0.7705222590902806
540000;0;0.7839113257243195
540000;1;0.7697453496468716
540000;2;0.7691842549948643
540000;3;0.6571018143734609
540000;4;0.7821417741989826
540000;5;0.7547303228323418
540000;6;0.7644226019954559
540000;7;0.7629905344113587
540000;8;0.7567723953579345
540000;9;0.7689294822960485
540000;10;0.7741862869339025
540000;11;0.7663657071173907
540000;12;0.7650019771963356
540000;13;0.7881161732753938
540000;14;0.7680899285336157
540000;15;0.6557653738594955
540000;16;0.7713822894168466
540000;17;0.7645232998518031
540000;18;0.7704862263524727
540000;19;0.7509218825812712
550000;0;0.8335869277586663
550000;1;0.8224601024770732
550000;2;0.8254233402115883
550000;3;0.7013135192296989
550000;4;0.701586859688196
550000;5;0.8282990961380444
550000;6;0.8101391969653132
550000;7;0.8297991438919987
550000;8;0.8107647266994821
550000;9;0.8268315889628924
550000;10;0.8391103119901442
550000;11;0.8153552478322764
550000;12;0.8205053070261119
550000;13;0.8159096059830997
550000;14;0.8026307408115166
550000;15;0.6945102794466186
550000;16;0.8371312782354504
550000;17;0.8252611585944919
550000;18;0.8164382674053196
550000;19;0.8314143380290984
560000;0;0.782669721218379
560000;1;0.7808053820897444
560000;2;0.7656240136355028
560000;3;0.7763073673430199
560000;4;0.7740777380648456
560000;5;0.761179276367402
560000;6;0.7793503405731911
560000;7;0.7682671903208438
560000;8;0.7806797335135657
560000;9;0.7778508209338122
560000;10;0.6625105836724661
560000;11;0.7794505141388175
560000;12;0.6522844004625272
560000;13;0.6563793803274253
560000;14;0.774720536569786
560000;15;0.6616251159238449
560000;16;0.6565748159376353
560000;17;0.7849237938064265
560000;18;0.6505001474965808
560000;19;0.7737320574162679
570000;0;0.8047012856062515
570000;1;0.8050310500267944
570000;2;0.7927116960516514
570000;3;0.7961219527401958
570000;4;0.815571807236611
570000;5;0.7909195081916442
570000;6;0.6695330729098393
570000;7;0.8190506735086593
570000;8;0.8040931989924434
570000;9;0.8017203490927356
570000;10;0.6854182881988244
570000;11;0.8238596038454093
570000;12;0.7804773692735552
570000;13;0.8080367030533143
570000;14;0.8073214680871242
570000;15;0.694420274091799
570000;16;0.800062656641604
570000;17;0.7997619942377552
570000;18;0.6812676732646855
570000;19;0.7987614162392093
580000;0;0.7797626483447845
580000;1;0.7925091255356292
580000;2;0.77259646625615
580000;3;0.7632906361774326
580000;4;0.7675612530357527
580000;5;0.7971393908434966
580000;6;0.7621024357487333
580000;7;0.7689559593470896
580000;8;0.7570878437793748
580000;9;0.7549132248896414
580000;10;0.7791543142455921
580000;11;0.6840735362612674
580000;12;0.6574159403881092
580000;13;0.6543662857741902
580000;14;0.6522466039707419
580000;15;0.7786683299547793
580000;16;0.7849350812663083
580000;17;0.6421645533808287
580000;18;0.7803719331145491
580000;19;0.7648806788591734
590000;0;0.6672443132053753
590000;1;0.649733174131293
590000;2;0.8327217364147408
590000;3;0.8023033640247939
590000;4;0.695038187837239
590000;5;0.8208019085731876
590000;6;0.8178813533327198
590000;7;0.8008094065353195
590000;8;0.810275929133619
590000;9;0.6875290083028209
590000;10;0.8298450094923905
590000;11;0.8404384416566854
590000;12;0.8414197355549244
590000;13;0.7823870305164319
590000;14;0.8320461212007739
590000;15;0.8185090250491159
590000;16;0.7833294162578219
590000;17;0.8131919241208942
590000;18;0.7889150245576662
590000;19;0.7823411184789625
600000;0;0.7733719745986101
600000;1;0.7751366038189024
600000;2;0.7701652596724636
600000;3;0.6781961701121647
600000;4;0.7587354531562243
600000;5;0.7657111928346877
600000;6;0.7684002976190476
600000;7;0.7658929101156927
600000;8;0.7638083545352345
600000;9;0.7528064497317472
600000;10;0.759360294117647
600000;11;0.6788916644754142
600000;12;0.7648038983352095
600000;13;0.7016210120115224
600000;14;0.7465805910589324
600000;15;0.7459550431943601
600000;16;0.7672813456566318
600000;17;0.7688121612768745
600000;18;0.7505959822077507
600000;19;0.7525212043487132
610000;0;0.7886269583210168
610000;1;0.7754468827205349
610000;2;0.7698306209602955
610000;3;0.7252752480630692
610000;4;0.7629182156133829
610000;5;0.7546744172889794
610000;6;0.7521425953595895
610000;7;0.7900515265480174
610000;8;0.764054355919583
610000;9;0.7669757079200805
610000;10;0.7129676643506146
610000;11;0.7805286562710277
610000;12;0.8064338179729771
610000;13;0.773939719192388
610000;14;0.7765302558430597
610000;15;0.7754243445910597
610000;16;0.7816720869590694
610000;17;0.7868592579484457
610000;18;0.6500633512828635
610000;19;0.7839690282389586
620000;0;0.7757779001042995
620000;1;0.7674180327868853
620000;2;0.7814606741573034
620000;3;0.7656625300240192
620000;4;0.7675060192616372
620000;5;0.7882933937823834
620000;6;0.659022667421427
620000;7;0.6574531035160086
620000;8;0.7631965227305116
620000;9;0.7605518788877212
620000;10;0.769424729174449
620000;11;0.7728893058161351
620000;12;0.7812554706191283
620000;13;0.7756880069524913
620000;14;0.6557946168352478
620000;15;0.7764752791068581
620000;16;0.5559032967945524
620000;17;0.7705983078162773
620000;18;0.7765203143577994
620000;19;0.6601925589881408
630000;0;0.6554288276932028
630000;1;0.6491344953423606
630000;2;0.7662892529191702
630000;3;0.7784455704949184
630000;4;0.7477047094936534
630000;5;0.769232410594896
630000;6;0.7716473072861668
630000;7;0.7682925096612867
630000;8;0.7665934221718174
630000;9;0.7752759856630824
630000;10;0.7869648106644934
630000;11;0.768008805567391
630000;12;0.6547304823711739
630000;13;0.7920829061081002
630000;14;0.5550987517450932
630000;15;0.7493417770633557
630000;16;0.7630238464794694
630000;17;0.7854331280501975
630000;18;0.654001983455082
630000;19;0.6644324576708525
640000;0;0.6536498516320475
640000;1;0.7763992668828422
640000;2;0.7777369788724438
640000;3;0.7942024805307182
640000;4;0.7853455406291892
640000;5;0.795165761811251
640000;6;0.7686831746740739
640000;7;0.7863548092300663
640000;8;0.7718506475304143
640000;9;0.6982021959073966
640000;10;0.7701020836246679
640000;11;0.7723919324525232
640000;12;0.7763992668828422
640000;13;0.7682756696428571
640000;14;0.7673336305874484
640000;15;0.7709429947362526
640000;16;0.7877270776712917
640000;17;0.7854575536284801
640000;18;0.7853455406291892
640000;19;0.7720237761453486
650000;0;0.7926751047635338
650000;1;0.7627763757063697
650000;2;0.7908939643893281
650000;3;0.7793668367060934
650000;4;0.7733195205384209
650000;5;0.7626299333534462
650000;6;0.7672594575204879
650000;7;0.785243285984581
650000;8;0.7816453027491989
650000;9;0.7749574983974805
650000;10;0.780000841538332
650000;11;0.7545998534559961
650000;12;0.7577873766828365
650000;13;0.672851231670135
650000;14;0.777188495723629
650000;15;0.7669420233892321
650000;16;0.7830320182478668
650000;17;0.7833408457052708
650000;18;0.7771016153373205
650000;19;0.7781019140362659
660000;0;0.7539425232148576
660000;1;0.773530539053303
660000;2;0.7621382137944056
660000;3;0.7332801308003737
660000;4;0.7783892118240172
660000;5;0.7836786486936262
660000;6;0.6509411141316869
660000;7;0.7638070393598616
660000;8;0.7533394656854904
660000;9;0.7669792882542957
660000;10;0.7741875822007891
660000;11;0.7337562001713974
660000;12;0.6753047323135756
660000;13;0.7511564535424697
660000;14;0.7897241321482475
660000;15;0.76933916026793
660000;16;0.7711659706869729
660000;17;0.7643856184395628
660000;18;0.7792264202978488
660000;19;0.7571346267216893
670000;0;0.6504044375155336
670000;1;0.7825753044802087
670000;2;0.7918970592280817
670000;3;0.6981023402449376
670000;4;0.6525570693446376
670000;5;0.8076043653910897
670000;6;0.6397655295032781
670000;7;0.7710878067073824
670000;8;0.7712324179504354
670000;9;0.7565374507227333
670000;10;0.756418173218415
670000;11;0.7635610079575597
670000;12;0.7672445960713239
670000;13;0.7660195854067431
670000;14;0.7735328102327081
670000;15;0.7695417969898682
670000;16;0.7618836513776037
670000;17;0.7664683015150305
670000;18;0.6517887467451602
670000;19;0.6533123780128002
680000;0;0.7738820196457412
680000;1;0.7696232029069461
680000;2;0.7766580751448159
680000;3;0.7216440757474755
680000;4;0.8141939886904928
680000;5;0.7942810945949618
680000;6;0.781350245936698
680000;7;0.7796204422394708
680000;8;0.779870060567251
680000;9;0.763312180089836
680000;10;0.7874760891235821
680000;11;0.687702931626747
680000;12;0.7987743222562309
680000;13;0.6569587107504888
680000;14;0.7676221866218452
680000;15;0.7758334660508573
680000;16;0.7940868832862421
680000;17;0.7860571751290878
680000;18;0.7712478231041215
680000;19;0.6563096441001459
690000;0;0.7808690730063449
690000;1;0.7837371842299968
690000;2;0.7760269492412349
690000;3;0.6533992025202123
690000;4;0.7607014619133111
690000;5;0.7777158664813698
690000;6;0.7724697885196374
690000;7;0.6502049719396703
690000;8;0.7473040389024667
690000;9;0.7822489186623062
690000;10;0.6558264234383637
690000;11;0.7716859633146871
690000;12;0.7590078562837475
690000;13;0.7507086992837075
690000;14;0.7759660413886926
690000;15;0.7703230917071398
690000;16;0.7765145564980627
690000;17;0.678619640323983
690000;18;0.6527377363058166
690000;19;0.7604674119275935
700000;0;0.7592169100924849
700000;1;0.7090324483775812
700000;2;0.7842460389966328
700000;3;0.7402313434674419
700000;4;0.8010784941076095
700000;5;0.5583581118751162
700000;6;0.7899161320853928
700000;7;0.6561817506770333
700000;8;0.7726694097981227
700000;9;0.7640241576605213
700000;10;0.7534103162065248
700000;11;0.657474068887041
700000;12;0.7645101781170484
700000;13;0.7956898834745763
700000;14;0.7723714652956298
700000;15;0.7857637890001831
700000;16;0.7941125941588476
700000;17;0.5628243073637675
700000;18;0.7670670683448646
700000;19;0.7767243162194303
710000;0;0.7817057258353375
710000;1;0.7946772263836871
710000;2;0.7804278416347382
710000;3;0.7869809911395014
710000;4;0.7776271919778066
710000;5;0.6631019814658072
710000;6;0.6583724788829513
710000;7;0.6590257107113584
710000;8;0.6865394121876686
710000;9;0.6761923204603297
710000;10;0.7744930291508239
710000;11;0.7790349311575727
710000;12;0.7643979385054164
710000;13;0.6453154370921073
710000;14;0.6787912112325603
710000;15;0.7922868478373613
710000;16;0.77891577015245
710000;17;0.6579329873597622
710000;18;0.7595333979665398
710000;19;0.7728669718968962
720000;0;0.7633771009699633
720000;1;0.5768861326121422
720000;2;0.7740952547802583
720000;3;0.7837459456720048
720000;4;0.7724712787212787
720000;5;0.7684982731632172
720000;6;0.7761348523249103
720000;7;0.7711039365760016
720000;8;0.7765635592156469
720000;9;0.6626336311245367
720000;10;0.7804433398097449
720000;11;0.7813107838431809
720000;12;0.7619666436736303
720000;13;0.6763557839492674
720000;14;0.7759985448341613
720000;15;0.7636786746006271
720000;16;0.783785667224165
720000;17;0.7811134681920348
720000;18;0.7737853997798458
720000;19;0.766783598185289
730000;0;0.7804058251944631
730000;1;0.765304754709624
730000;2;0.7778926899353464
730000;3;0.7754531311734493
730000;4;0.6821790889144744
730000;5;0.786385946460321
730000;6;0.6607488532592686
730000;7;0.7840494856686308
730000;8;0.7873520710059172
730000;9;0.7834431055559714
730000;10;0.778818729694204
730000;11;0.7835995009357455
730000;12;0.774115022432579
730000;13;0.7724393663600138
730000;14;0.7872928523077695
730000;15;0.7696186554910178
730000;16;0.7778348855642524
730000;17;0.7820773043110104
730000;18;0.7960341200030419
730000;19;0.8033037450117672
740000;0;1.6489390508074044
740000;1;1.6271892535283115
740000;2;1.6254519424425518
740000;3;1.353481370726582
740000;4;1.3818487498968561
740000;5;1.380339590760164
740000;6;1.3839900002066072
740000;7;1.6283363313724537
740000;8;1.3775010796027063
740000;9;1.64347751416865
740000;10;1.6051206479284978
740000;11;1.6351331559547928
740000;12;1.6400171379605828
740000;13;1.6419064660032354
740000;14;1.6504015965309944
740000;15;1.6400974463188307
740000;16;1.644526550953772
740000;17;1.6402982516283853
740000;18;1.649263836911562
740000;19;1.377331140125424
750000;0;0.6511050058583492
750000;1;0.6583263547049573
750000;2;0.7792606561736902
750000;3;0.77054196849076
750000;4;0.7897819161970105
750000;5;0.6514998382923674
750000;6;0.6485763155247006
750000;7;0.6584473953013279
750000;8;0.6484066950993804
750000;9;0.7658366202537661
750000;10;0.7870241496349474
750000;11;0.6572791973407834
750000;12;0.7907313363263905
750000;13;0.6585550243144948
750000;14;0.8056138772245551
750000;15;0.7861794765470644
750000;16;0.7971853280898321
750000;17;0.6440918446873564
750000;18;0.7864096620714895
750000;19;0.6602818863440816
760000;0;1.5794809846627242
760000;1;1.3255442128835717
760000;2;1.5643630952380951
760000;3;1.5763735604606526
760000;4;1.586766730262999
760000;5;1.5774711291445584
760000;6;1.563916262020375
760000;7;1.5620572012743092
760000;8;1.5410275354160803
760000;9;1.5897229615291555
760000;10;1.6170321421539673
760000;11;1.5900307342335802
760000;12;1.3137497000719827
760000;13;1.3147749784883838
760000;14;1.61175640868392
760000;15;1.5834779360374038
760000;16;1.3145119340575795
760000;17;1.5501899301623254
760000;18;1.3196603599260865
760000;19;1.311442115768463
770000;0;0.5804965029438496
770000;1;0.7104986337146035
770000;2;0.7098120455149421
770000;3;0.6992538911894902
770000;4;0.7163363077823288
770000;5;0.6960567150742697
770000;6;0.6940507405570122
770000;7;0.7259469275813505
770000;8;0.7222174426036084
770000;9;0.705313632762801
770000;10;0.6658338432252362
770000;11;0.6974611878649765
770000;12;0.6838255830191314
770000;13;0.6843511983788694
770000;14;0.6974777448071217
770000;15;0.6805153445280834
770000;16;0.6945429402170059
770000;17;0.7032203633230416
770000;18;0.6726784651311873
770000;19;0.5864755080043116
780000;0;1.0083510512638791
780000;1;0.9962073472436167
780000;2;0.9950229619786931
780000;3;0.9851933064050779
780000;4;0.987335476856885
780000;5;1.0219920986471926
780000;6;0.9926626200609316
780000;7;1.0240762955854126
780000;8;1.0190397746263669
780000;9;0.9229463532769693
780000;10;1.0115292556342868
780000;11;0.84288112164297
780000;12;0.995046158149944
780000;13;0.9877924602531762
780000;14;1.0092570698950156
780000;15;1.0021953510213666
780000;16;0.8382791939981932
780000;17;0.8359970229351509
780000;18;0.9978375724705443
780000;19;0.9848296070695185
790000;0;0.7747490063638661
790000;1;0.7978257783666131
790000;2;0.7997367609742215
790000;3;0.7721589998397179
790000;4;0.7704477952935801
790000;5;0.7844083645414156
790000;6;0.7874305328538738
790000;7;0.7944051825677267
790000;8;0.7696038157834679
790000;9;0.6440016041555267
790000;10;0.687442666394863
790000;11;0.7910509031198686
790000;12;0.7759969625146697
790000;13;0.7744287518658859
790000;14;0.6498718467556994
790000;15;0.6539930959584206
790000;16;0.5868865297598329
790000;17;0.654831255582741
790000;18;0.6523358158429249
790000;19;0.7792785506308638
800000;0;0.7959835400486843
800000;1;0.7972588584962615
800000;2;0.791013915126941
800000;3;0.7719837665257667
800000;4;0.7690614850487176
800000;5;0.7870610214560793
800000;6;0.7883440865152802
800000;7;0.8044127638638334
800000;8;0.7499945391000437
800000;9;0.8130224242854774
800000;10;0.8056396358346238
800000;11;0.7729570013507429
800000;12;0.7880184067384269
800000;13;0.7838626090132871
800000;14;0.6590289640876025
800000;15;0.6555060234063269
800000;16;0.7975366425866995
800000;17;0.7816142323802586
800000;18;0.7876207189227629
800000;19;0.7746486023058006
810000;0;0.7769813377227128
810000;1;0.7956709414364137
810000;2;0.778037018888097
810000;3;0.7903063417724383
810000;4;0.7875445281147134
810000;5;0.7790434452919399
810000;6;0.7995685215281434
810000;7;0.7982711732711733
810000;8;0.7899667556198833
810000;9;0.7956346946677904
810000;10;0.7725820007519961
810000;11;0.7731805303466289
810000;12;0.6703657857869384
810000;13;0.7800002232990197
810000;14;0.7688917015188201
810000;15;0.7787829130715894
810000;16;0.7827268245680866
810000;17;0.7734715794601537
810000;18;0.781203873507179
810000;19;0.7784358077240211
820000;0;0.796592770435524
820000;1;0.7855759869003364
820000;2;0.8005626212059712
820000;3;0.7843090688169667
820000;4;0.8049735845634084
820000;5;0.796735788505128
820000;6;0.7781546588343599
820000;7;0.7787691666483866
820000;8;0.8020456804626784
820000;9;0.7905616050949741
820000;10;0.8007612495770836
820000;11;0.7798468939460504
820000;12;0.7840492491166078
820000;13;0.7870039902460652
820000;14;0.6586106782428021
820000;15;0.7825801829604321
820000;16;0.7945781110116383
820000;17;0.6585373771099982
820000;18;0.5826932230374054
820000;19;0.7914957417398671
830000;0;0.7868483076184449
830000;1;0.7704384709074981
830000;2;0.7731312719787289
830000;3;0.7945295284266196
830000;4;0.6893761232840044
830000;5;0.7398631317587672
830000;6;0.777952186765055
830000;7;0.7875013650758982
830000;8;0.7926256897271868
830000;9;0.7807147651733322
830000;10;0.7987892684655944
830000;11;0.8074834273940696
830000;12;0.7823749593143106
830000;13;0.7863849509269356
830000;14;0.790314979615098
830000;15;0.789812928522924
830000;16;0.7830886345372804
830000;17;0.7908870560880914
830000;18;0.7936376042790165
830000;19;0.6601078339832666
840000;0;0.5710053363316735
840000;1;0.6859041697931182
840000;2;0.5670282149439955
840000;3;0.5773631212329015
840000;4;0.6878654970760234
840000;5;0.6866549341116882
840000;6;0.6859777015437393
840000;7;0.6792060290839613
840000;8;0.6868908068186698
840000;9;0.6852871248955812
840000;10;0.7109145853701894
840000;11;0.7019460716558064
840000;12;0.6896299010626603
840000;13;0.6909106614550716
840000;14;0.6878654970760234
840000;15;0.6768781602386443
840000;16;0.689778582670375
840000;17;0.5775298747247193
840000;18;0.6825969149367412
840000;19;0.7063160915733934
850000;0;0.7853272970164762
850000;1;0.7855105200644779
850000;2;0.7798043922262228
850000;3;0.673919570557729
850000;4;0.7832015141582253
850000;5;0.6626809454792707
850000;6;0.7884034060670569
850000;7;0.7930290571936361
850000;8;0.7782967321634969
850000;9;0.7369465724803502
850000;10;0.8064289602612956
850000;11;0.7801986559649455
850000;12;0.7897988995990788
850000;13;0.6598473105635434
850000;14;0.7886048591444329
850000;15;0.7822420530151019
850000;16;0.7879337489096441
850000;17;0.7888568203118344
850000;18;0.7933008460961765
850000;19;0.80576224354372
860000;0;0.8026451060184193
860000;1;0.779391884865753
860000;2;0.7982852273937586
860000;3;0.7888582494842756
860000;4;0.8059073998408637
860000;5;0.6600355771601677
860000;6;0.7805444472215279
860000;7;0.7790516381174123
860000;8;0.7833180051001213
860000;9;0.6638706820194863
860000;10;0.7951179665619961
860000;11;0.7927463880016077
860000;12;0.7828271223262032
860000;13;0.7891904982521164
860000;14;0.7662604535138119
860000;15;0.8053358834400653
860000;16;0.6609901933116975
860000;17;0.7734881320949433
860000;18;0.7896062029877162
860000;19;0.7801869509097722
870000;0;0.6700583444969329
870000;1;0.7774567951733307
870000;2;0.7792577180107416
870000;3;0.8040983606557377
870000;4;0.6650411126662001
870000;5;0.8017241379310345
870000;6;0.7771548023060882
870000;7;0.8107351561167037
870000;8;0.8096128042936553
870000;9;0.8063669339442535
870000;10;0.7815808952032404
870000;11;0.6685617052709334
870000;12;0.7885197784646021
870000;13;0.6570294000725928
870000;14;0.7781889086777621
870000;15;0.7924153672975902
870000;16;0.7722918613628053
870000;17;0.7843223224049353
870000;18;0.7852782597917699
870000;19;0.7900766928544707
880000;0;1.4820636322556793
880000;1;1.2478944000553422
880000;2;1.464942645416709
880000;3;1.496045074744459
880000;4;1.1136693367906036
880000;5;1.4739199264630782
880000;6;1.49769085474698
880000;7;1.4810293513957307
880000;8;1.4623300164157023
880000;9;1.4634867353561578
880000;10;1.100035826447541
880000;11;1.4936913904817106
880000;12;1.2434643620321224
880000;13;1.515781568388547
880000;14;1.5116850331014833
880000;15;1.488422583439911
880000;16;1.4786317342568496
880000;17;1.4701361015464232
880000;18;1.238576480079647
880000;19;1.4749442979497558
890000;0;0.7831833464194399
890000;1;0.7894934448187685
890000;2;0.6632369488866915
890000;3;0.7814213687403331
890000;4;0.6695956761967055
890000;5;0.8038662616494121
890000;6;0.696635149170875
890000;7;0.7962481578516456
890000;8;0.7764925447613725
890000;9;0.7833726011397733
890000;10;0.7946541651346162
890000;11;0.7875435257915621
890000;12;0.7949951975149695
890000;13;0.7765390450335357
890000;14;0.6652558314522197
890000;15;0.7949951975149695
890000;16;0.8096382783882784
890000;17;0.7739435779086423
890000;18;0.7978485581853234
890000;19;0.778481519281183
900000;0;0.7849291451577541
900000;1;0.7805265974314254
900000;2;0.7873458085927347
900000;3;0.7904431688176143
900000;4;0.7833522297808012
900000;5;0.5904208269617103
900000;6;0.7960191211545459
900000;7;0.6647017620847961
900000;8;0.7883860829179429
900000;9;0.6549844495817186
900000;10;0.6655892443678277
900000;11;0.8028018998695369
900000;12;0.8034406430422099
900000;13;0.5634648677263817
900000;14;0.6656567449250376
900000;15;0.6728672965538451
900000;16;0.7886544777314963
900000;17;0.7974536802672877
900000;18;0.8143558726220017
900000;19;0.7828228114812753
910000;0;0.7949187479987192
910000;1;0.7909929106260952
910000;2;0.7981453200980589
910000;3;0.7908039340606833
910000;4;0.8015113909235829
910000;5;0.7139095582156081
910000;6;0.7020857269111799
910000;7;0.7915761573566632
910000;8;0.6622180357113086
910000;9;0.7962573169753829
910000;10;0.8000261838103486
910000;11;0.7914972899728997
910000;12;0.7844320246464965
910000;13;0.7824541013316524
910000;14;0.7792000156936597
910000;15;0.7898918187964841
910000;16;0.7974242637168497
910000;17;0.6625273130618985
910000;18;0.6673134754632662
910000;19;0.7812075917002655
920000;0;0.7921694492799494
920000;1;0.6819431909132708
920000;2;0.7916839649684677
920000;3;0.7880539593828715
920000;4;0.8002268049477449
920000;5;0.8090540840859042
920000;6;0.7872793221405261
920000;7;0.8171267956252041
920000;8;0.797787672324488
920000;9;0.8092339247463929
920000;10;0.7896389557124266
920000;11;0.7824339110216681
920000;12;0.7795096646098145
920000;13;0.6792365622402768
920000;14;0.7864289782211661
920000;15;0.7894832820755461
920000;16;0.7399436437546194
920000;17;0.7908553203254601
920000;18;0.7868925743255193
920000;19;0.7866916155901305
930000;0;0.8018100708631887
930000;1;0.8015727366011525
930000;2;0.7895908251530761
930000;3;0.7850433875113542
930000;4;0.780188226255642
930000;5;0.7960745502292949
930000;6;0.7861677214577406
930000;7;0.7861220777210094
930000;8;0.7855747659936567
930000;9;0.7778575668792248
930000;10;0.7558146025602858
930000;11;0.77502289552011
930000;12;0.7773812029931296
930000;13;0.778767254601227
930000;14;0.7708898715199363
930000;15;0.7754371563836285
930000;16;0.7947195429734119
930000;17;0.6758481273813287
930000;18;0.7853317608846957
930000;19;0.8062342456781058
940000;0;1.8192024683187011
940000;1;1.7899683968588394
940000;2;1.7960573097841754
940000;3;1.8254922451849827
940000;4;1.6479615228623323
940000;5;1.8247080990315527
940000;6;1.7894885493259804
940000;7;1.832580006275002
940000;8;1.5437542329484448
940000;9;1.773796644269825
940000;10;1.7985806389530408
940000;11;1.7817439133667614
940000;12;1.8030918387034536
940000;13;1.537708761826409
940000;14;1.7641864723538407
940000;15;1.7856590110058086
940000;16;1.5539708009777349
940000;17;1.7937476007677544
940000;18;1.8315025673186218
940000;19;1.8255279042056531
950000;0;0.8064099827281724
950000;1;0.6975106590123208
950000;2;0.7886710446401458
950000;3;0.6957471745500209
950000;4;0.676018416086419
950000;5;0.7887908124525437
950000;6;0.7889255947295476
950000;7;0.7938692852912519
950000;8;0.793657008613939
950000;9;0.7946739338305603
950000;10;0.7211394953316441
950000;11;0.8023460127437729
950000;12;0.7761351538131082
950000;13;0.7820804788074983
950000;14;0.7831860075013665
950000;15;0.6769214478871404
950000;16;0.7879980278004286
950000;17;0.7863428203769586
950000;18;0.7916912759349934
950000;19;0.7884914611005692
960000;0;0.7883135289369451
960000;1;0.6979615071384646
960000;2;0.8039177211555028
960000;3;0.6738703103437209
960000;4;0.8078458342150319
960000;5;0.7943076282887893
960000;6;0.6526217228464419
960000;7;0.681127745158465
960000;8;0.6841014237774086
960000;9;0.7973389914179387
960000;10;0.8034870372141969
960000;11;0.8065890058389674
960000;12;0.6742814707771355
960000;13;0.6819462487820721
960000;14;0.8079857236310463
960000;15;0.7994945360392949
960000;16;0.6740000962989118
960000;17;0.79493914096958
960000;18;0.7809832437559279
960000;19;0.800210560414642
970000;0;0.787865437411887
970000;1;0.7840837763993501
970000;2;0.6792951506621457
970000;3;0.7947800295664216
970000;4;0.7837365293770299
970000;5;0.7994776470588235
970000;6;0.785999148715671
970000;7;0.7916394848185495
970000;8;0.7891389977889671
970000;9;0.7870624316661416
970000;10;0.678633059039706
970000;11;0.6995808008433397
970000;12;0.6605634788559341
970000;13;0.6832180487412531
970000;14;0.802513982314262
970000;15;0.7920528504559611
970000;16;0.7886115082533376
970000;17;0.8121199663467055
970000;18;0.7920676214986386
970000;19;0.7981105306674684
980000;0;0.5387757878395032
980000;1;0.6369342692802543
980000;2;0.6242258196113336
980000;3;0.6344015604093247
980000;4;0.6321618373363881
980000;5;0.5341762008283216
980000;6;0.6191056387243903
980000;7;0.6154046543938868
980000;8;0.6195956268060592
980000;9;0.620543614511134
980000;10;0.6298200153417276
980000;11;0.6241679491220589
980000;12;0.6206694691815551
980000;13;0.6287495330593948
980000;14;0.5327053629357682
980000;15;0.6263512884919528
980000;16;0.4732238247863248
980000;17;0.637706486322649
980000;18;0.5524180314417932
980000;19;0.535893945906363
990000;0;0.8082391575548543
990000;1;0.8104247530398632
990000;2;0.684357281553398
990000;3;0.7310053594836312
990000;4;0.6928054725585784
990000;5;0.8017233535331477
990000;6;0.6915439676011679
990000;7;0.8032582139080334
990000;8;0.8034340008024219
990000;9;0.696584710253775
990000;10;0.800732474236173
990000;11;0.8137028554541761
990000;12;0.7892139299917595
990000;13;0.8055052748980674
990000;14;0.8229442970822282
990000;15;0.8089960886571056
990000;16;0.8061390667886551
990000;17;0.8084468014827321
990000;18;0.8155405405405406
990000;19;0.8050636843740292
1000000;0;0.7902922793453521
1000000;1;0.7958270423662526
1000000;2;0.6870779281967522
1000000;3;0.8000475467695628
1000000;4;0.7914503319644699
1000000;5;0.7892942195280364
1000000;6;0.8022923161562443
1000000;7;0.6911483593737657
1000000;8;0.672668286232664
1000000;9;0.6739117039958101
1000000;10;0.7943820020699799
1000000;11;0.8073856715756837
1000000;12;0.6755454671793208
1000000;13;0.7995065789473684
1000000;14;0.6637788465915125
1000000;15;0.8051419842832692
1000000;16;0.805705445772482
1000000;17;0.8119258393185235
1000000;18;0.7919231047715589
1000000;19;0.7916365083960626
