Taille_mat;Run_ID;Eff
10000;0;0.21760647870425914
10000;1;0.3528696498054475
10000;2;0.34351325757575757
10000;3;0.3244633273703041
10000;4;0.29443993506493504
10000;5;0.35150193798449614
10000;6;0.3190413368513632
10000;7;0.3428638941398866
10000;8;0.3137975778546713
10000;9;0.31217728055077454
10000;10;0.3521844660194175
10000;11;0.3471291866028708
10000;12;0.334949215143121
10000;13;0.354248046875
10000;14;0.344819391634981
10000;15;0.30279632721202004
10000;16;0.2773318042813456
10000;17;0.30178868552412647
10000;18;0.3250448028673835
10000;19;0.31708916083916083
20000;0;0.32883484767504007
20000;1;0.32795842217484006
20000;2;0.341236827509706
20000;3;0.34199555308504725
20000;4;0.3352861035422343
20000;5;0.3452581369248036
20000;6;0.3166495110653628
20000;7;0.34275766016713094
20000;8;0.33473884657236125
20000;9;0.32279643231899263
20000;10;0.32467018469656994
20000;11;0.32279643231899263
20000;12;0.32467018469656994
20000;13;0.33274743104380744
20000;14;0.3345568243610658
20000;15;0.33364967462039047
20000;16;0.33024691358024694
20000;17;0.3483861834654587
20000;18;0.3307795698924731
20000;19;0.3387940528634361
30000;0;0.4312694704049844
30000;1;0.4147940074906367
30000;2;0.4438877755511022
30000;3;0.4548254620123203
30000;4;0.4317738791423002
30000;5;0.4386138613861386
30000;6;0.4343137254901961
30000;7;0.4408837579617834
30000;8;0.4426458832933653
30000;9;0.4365392195506504
30000;10;0.44317727090836334
30000;11;0.44123505976095617
30000;12;0.41871455576559546
30000;13;0.42727623456790126
30000;14;0.4356805664830842
30000;15;0.44193934557063047
30000;16;0.45075295075295074
30000;17;0.37618885869565216
30000;18;0.44018282988871227
30000;19;0.43295543393276
40000;0;0.43624454148471614
40000;1;0.4669679027734497
40000;2;0.4598036207425591
40000;3;0.46207215541165586
40000;4;0.4598036207425591
40000;5;0.4185754189944134
40000;6;0.44545184304399527
40000;7;0.472117202268431
40000;8;0.39800796812749006
40000;9;0.4466467958271237
40000;10;0.46335807050092764
40000;11;0.45895865237366
40000;12;0.44531946508172365
40000;13;0.4375182481751825
40000;14;0.396638433033351
40000;15;0.46682242990654205
40000;16;0.38197807800152944
40000;17;0.42522701475595914
40000;18;0.444
40000;19;0.4579767726161369
50000;0;0.4799461814454126
50000;1;0.4651639344262295
50000;2;0.39643310753598643
50000;3;0.4732752084912813
50000;4;0.4583333333333333
50000;5;0.40579631635969665
50000;6;0.4710135814889336
50000;7;0.4407507648858555
50000;8;0.46240740740740743
50000;9;0.47243945509586277
50000;10;0.47604219623792576
50000;11;0.43858313817330213
50000;12;0.4635519801980198
50000;13;0.4842901474010861
50000;14;0.3872518610421836
50000;15;0.42992424242424243
50000;16;0.4382752164755441
50000;17;0.4685389041781336
50000;18;0.45721435546875
50000;19;0.47351453855878634
60000;0;0.4855026455026455
60000;1;0.47357555739058627
60000;2;0.488604898828541
60000;3;0.4868421052631579
60000;4;0.4686414708886619
60000;5;0.48325258057720666
60000;6;0.4870488322717622
60000;7;0.47831526271893243
60000;8;0.4720164609053498
60000;9;0.47396694214876034
60000;10;0.4732824427480916
60000;11;0.491536318834369
60000;12;0.4829473684210526
60000;13;0.4785148101793909
60000;14;0.48715226162667236
60000;15;0.46749541471367434
60000;16;0.48274410774410775
60000;17;0.45834165834165835
60000;18;0.4774193548387097
60000;19;0.48735925217760784
70000;0;0.46012636612021857
70000;1;0.46456896551724136
70000;2;0.47953372486207513
70000;3;0.470162275344617
70000;4;0.49595067182035707
70000;5;0.4613079952063003
70000;6;0.4249329758713137
70000;7;0.46641855634412327
70000;8;0.4648895790200138
70000;9;0.45848221881912543
70000;10;0.47800248359056235
70000;11;0.4592636782001023
70000;12;0.39812352245862886
70000;13;0.44707151153144187
70000;14;0.4719740760203188
70000;15;0.4868991687748464
70000;16;0.47213947783423865
70000;17;0.4008479619160964
70000;18;0.4849712023038157
70000;19;0.46812022237665046
80000;0;0.4719015795868773
80000;1;0.47888409371146734
80000;2;0.49239302694136294
80000;3;0.4983159582999198
80000;4;0.48975409836065575
80000;5;0.4847870182555781
80000;6;0.49099241466498106
80000;7;0.483579766536965
80000;8;0.49419436933354544
80000;9;0.48592430403503284
80000;10;0.4994373894872207
80000;11;0.4889063729346971
80000;12;0.4520587807362142
80000;13;0.41659962456422633
80000;14;0.49176954732510286
80000;15;0.49403720782318333
80000;16;0.4880615771284951
80000;17;0.4811087023846392
80000;18;0.4831285958637848
80000;19;0.4686981445165183
90000;0;0.4912454109008755
90000;1;0.4916619559072923
90000;2;0.4918704934257034
90000;3;0.48759635599159074
90000;4;0.45053095053095055
90000;5;0.5006475751906749
90000;6;0.45656167979002626
90000;7;0.4787395073620476
90000;8;0.47527322404371586
90000;9;0.4371152154793316
90000;10;0.4770327711504182
90000;11;0.4897930451921723
90000;12;0.48862359550561796
90000;13;0.4943165672065928
90000;14;0.4844729146358446
90000;15;0.501224607405273
90000;16;0.5023826714801444
90000;17;0.49721309132485353
90000;18;0.47946527012127893
90000;19;0.41035621608870015
100000;0;0.5031160737470787
100000;1;0.504294638209266
100000;2;0.4974964693798947
100000;3;0.507730607966457
100000;4;0.493065275480341
100000;5;0.5005813202428627
100000;6;0.4925638744121012
100000;7;0.42285028371890004
100000;8;0.5104056902002108
100000;9;0.5014882878219231
100000;10;0.48220507715281236
100000;11;0.4765125430398426
100000;12;0.5036391993761372
100000;13;0.5012288190402276
100000;14;0.49400815910249873
100000;15;0.506668410041841
100000;16;0.5022683084899546
100000;17;0.48951490651844365
100000;18;0.505017594161345
100000;19;0.4908169727675744
110000;0;0.4918018835810734
110000;1;0.46064937825486235
110000;2;0.4967052486820995
110000;3;0.5106326578699341
110000;4;0.5091929041353384
110000;5;0.5071670957172947
110000;6;0.5103921337729628
110000;7;0.5021724018074383
110000;8;0.4890274173530407
110000;9;0.47024519908864054
110000;10;0.49704701834862386
110000;11;0.4608452950558214
110000;12;0.4952296617915905
110000;13;0.4959096109839817
110000;14;0.4951730835142237
110000;15;0.49979820110701106
110000;16;0.4962502862376918
110000;17;0.48732291432426356
110000;18;0.47322305928594827
110000;19;0.5008377628842154
120000;0;0.5091207490314249
120000;1;0.500926514188903
120000;2;0.49823591363875724
120000;3;0.4821392172849572
120000;4;0.5109353061885733
120000;5;0.5015106540867168
120000;6;0.4699264925002483
120000;7;0.5101089066206599
120000;8;0.5033248217895521
120000;9;0.4854042684178124
120000;10;0.5109904947072802
120000;11;0.4797920892494929
120000;12;0.45712146101072565
120000;13;0.5124851045390532
120000;14;0.5010856900752039
120000;15;0.4956779128248114
120000;16;0.5157817269952027
120000;17;0.49186421293408195
120000;18;0.46348094444988736
120000;19;0.49934029976778554
130000;0;0.5043959864891715
130000;1;0.5017045454545455
130000;2;0.4734915601977059
130000;3;0.514464484750228
130000;4;0.5105329311211664
130000;5;0.5034956366521222
130000;6;0.5042457046379978
130000;7;0.5020518144961931
130000;8;0.48651303181295513
130000;9;0.5035455717544381
130000;10;0.5076742325767424
130000;11;0.42716220763923946
130000;12;0.5020021752026893
130000;13;0.5122843305418222
130000;14;0.5086405529953917
130000;15;0.5101738344051447
130000;16;0.5082841125237761
130000;17;0.51519533231862
130000;18;0.5051487414187643
130000;19;0.5096105590685537
140000;0;0.5073348519362186
140000;1;0.5125655896161282
140000;2;0.4998653380016159
140000;3;0.5071962106030242
140000;4;0.517905311133848
140000;5;0.5034813274256262
140000;6;0.503663500678426
140000;7;0.5128016209246639
140000;8;0.5021192172423122
140000;9;0.4843845150065246
140000;10;0.5080755543388995
140000;11;0.5183874871985849
140000;12;0.5088184227359956
140000;13;0.4998204667863555
140000;14;0.4987012987012987
140000;15;0.5046678147376054
140000;16;0.4921336397383772
140000;17;0.5139850456937136
140000;18;0.5115766262403528
140000;19;0.5103574702108158
150000;0;0.5163303693570451
150000;1;0.5104386780491929
150000;2;0.5111731843575419
150000;3;0.5187698651318615
150000;4;0.5018698578908003
150000;5;0.5097493036211699
150000;6;0.49843182568504457
150000;7;0.5175694206376414
150000;8;0.5797811059907834
150000;9;0.580338266384778
150000;10;0.5715502555366269
150000;11;0.5661385581700572
150000;12;0.535229992023398
150000;13;0.5274696480041925
150000;14;0.5787254432199329
150000;15;0.4408672798948752
150000;16;0.5020367445340427
150000;17;0.5228571428571429
150000;18;0.4966282894736842
150000;19;0.5239004077383534
160000;0;0.5265441236943827
160000;1;0.5158113116339027
160000;2;0.5132887035997755
160000;3;0.5285437133658053
160000;4;0.5130008012820513
160000;5;0.5197897215230981
160000;6;0.5132475549142216
160000;7;0.5169775516795866
160000;8;0.5203812078354872
160000;9;0.5221637713073974
160000;10;0.5286309966146479
160000;11;0.5233161680562367
160000;12;0.5260682004930156
160000;13;0.5259385525342972
160000;14;0.524559606718558
160000;15;0.5062668037324055
160000;16;0.5273247673173544
160000;17;0.5174371615614645
160000;18;0.5234873262469337
160000;19;0.5177300663108524
170000;0;0.5276430276430276
170000;1;0.5257403713365045
170000;2;0.5254581703857066
170000;3;0.5222544013413611
170000;4;0.5237713062753191
170000;5;0.5254178806931452
170000;6;0.5234512260331525
170000;7;0.5284976091315748
170000;8;0.5251360257490996
170000;9;0.5249348858587406
170000;10;0.5238513875086003
170000;11;0.525095785440613
170000;12;0.5284976091315748
170000;13;0.5256597115679656
170000;14;0.5241719574695938
170000;15;0.5292323138708681
170000;16;0.5266292652935751
170000;17;0.5197193780811529
170000;18;0.536399217221135
170000;19;0.5303382091169414
180000;0;0.5005225388420539
180000;1;0.5217517612027017
180000;2;0.5278859578220295
180000;3;0.5328981529560122
180000;4;0.5300671438057994
180000;5;0.5256072578285045
180000;6;0.525799604772012
180000;7;0.5230814038153487
180000;8;0.5191501662089897
180000;9;0.5300671438057994
180000;10;0.5292860826641126
180000;11;0.5397040042070468
180000;12;0.5249926921952646
180000;13;0.5231956885878669
180000;14;0.5262618123214416
180000;15;0.5335313776457482
180000;16;0.5302627694124594
180000;17;0.5276145710928319
180000;18;0.5261847213066725
180000;19;0.5271499853243322
190000;0;0.5212751308179565
190000;1;0.5235460894820552
190000;2;0.5314101214290727
190000;3;0.530739572379951
190000;4;0.5296998530749318
190000;5;0.5311491511154763
190000;6;0.579309817124493
190000;7;0.5227147196906932
190000;8;0.5272651298836967
190000;9;0.5253990284524636
190000;10;0.5153144568472638
190000;11;0.5189882094872498
190000;12;0.534788443879353
190000;13;0.5385545596813203
190000;14;0.5309629006241672
190000;15;0.5348640056517132
190000;16;0.5267881992763708
190000;17;0.5258734458567758
190000;18;0.5352042980347802
190000;19;0.533169014084507
200000;0;0.5279043656297471
200000;1;0.5224865995554975
200000;2;0.5300749386564095
200000;3;0.5096276460086713
200000;4;0.5204453704909493
200000;5;0.5284278725373529
200000;6;0.49178613179105396
200000;7;0.5293728061461024
200000;8;0.43282612227216116
200000;9;0.5230336343410549
200000;10;0.40043084013826963
200000;11;0.4330137060512487
200000;12;0.5115192627671828
200000;13;0.5293377483443709
200000;14;0.5200390370852309
200000;15;0.5264787248056909
200000;16;0.5342914438502674
200000;17;0.5252332763832304
200000;18;0.5096276460086713
200000;19;0.5289174166225517
210000;0;0.4048913043478261
210000;1;0.5310165587649402
210000;2;0.3915473239695217
210000;3;0.520105481373087
210000;4;0.4376282577467679
210000;5;0.5105182835597583
210000;6;0.5195352944759121
210000;7;0.5292374984489391
210000;8;0.5228150281931846
210000;9;0.5192506695885074
210000;10;0.5182097077941802
210000;11;0.5301914351420225
210000;12;0.5304551955724146
210000;13;0.5286798884412768
210000;14;0.5232319205054284
210000;15;0.44312987012987015
210000;16;0.5320432857231959
210000;17;0.5288765577531155
210000;18;0.5176436676982826
210000;19;0.5269164247328433
220000;0;0.5302416971989127
220000;1;0.5240786169032182
220000;2;0.5383219342452604
220000;3;0.5307749186631174
220000;4;0.5297720965932574
220000;5;0.5295532341831917
220000;6;0.5282127509271796
220000;7;0.5079969427617053
220000;8;0.5253058954393771
220000;9;0.5308063180312352
220000;10;0.5165361809913074
220000;11;0.5364872944693573
220000;12;0.5313406762598448
220000;13;0.534124055003274
220000;14;0.5259833518963597
220000;15;0.5065629763450573
220000;16;0.524568839520608
220000;17;0.42656287140480154
220000;18;0.5242929765104593
220000;19;0.5304924914272201
230000;0;0.5012197083422689
230000;1;0.5019463087248323
230000;2;0.522334897753939
230000;3;0.5256536407084622
230000;4;0.44283785704135287
230000;5;0.4132409494761968
230000;6;0.5167624785805096
230000;7;0.5272247913376945
230000;8;0.5280884595831215
230000;9;0.534183760927947
230000;10;0.5330263983123326
230000;11;0.5330263983123326
230000;12;0.5308471977741185
230000;13;0.5245329069180272
230000;14;0.5269276293540751
230000;15;0.5063231152512998
230000;16;0.5309074904878187
230000;17;0.5377789921767142
230000;18;0.503839935327405
230000;19;0.503378742192548
240000;0;0.5301978856058552
240000;1;0.5325654849425475
240000;2;0.5150900663646898
240000;3;0.5381631080783623
240000;4;0.5322756218363903
240000;5;0.5309751330220437
240000;6;0.531899271184597
240000;7;0.5014356765625801
240000;8;0.5334369715813014
240000;9;0.531812496601229
240000;10;0.531696841189583
240000;11;0.5266006138603199
240000;12;0.5175707859222016
240000;13;0.5264305323787479
240000;14;0.4375027960452736
240000;15;0.5311770137417848
240000;16;0.519026642606942
240000;17;0.5256100182736752
240000;18;0.526345532831001
240000;19;0.5342529363561869
250000;0;0.5364352730339448
250000;1;0.5125270685400615
250000;2;0.5374267307387653
250000;3;0.5330635868426566
250000;4;0.5365201117612948
250000;5;0.5229292981194121
250000;6;0.526963703205095
250000;7;0.5094738686423709
250000;8;0.5314490861618799
250000;9;0.5351096272148904
250000;10;0.5211085509472606
250000;11;0.5039989105135443
250000;12;0.5324778946266939
250000;13;0.5041237368733902
250000;14;0.5293207468663859
250000;15;0.5146523388116309
250000;16;0.5061042319359491
250000;17;0.5175837868077099
250000;18;0.5387068600465805
250000;19;0.5354192971380471
260000;0;0.5381667688534642
260000;1;0.4509955041746949
260000;2;0.533370467895483
260000;3;0.5348329440438713
260000;4;0.5344801339625513
260000;5;0.5239777136603323
260000;6;0.5359214409280554
260000;7;0.5347243374961925
260000;8;0.4435694432746568
260000;9;0.5322385042950986
260000;10;0.5368775166930017
260000;11;0.5265710143478478
260000;12;0.5325614318940237
260000;13;0.5246040442275127
260000;14;0.5356761430097137
260000;15;0.5280758046726161
260000;16;0.5094558645707377
260000;17;0.535812391901516
260000;18;0.4280141411678654
260000;19;0.5215130960043571
270000;0;0.5360015599863501
270000;1;0.5381264682850431
270000;2;0.5230483801912373
270000;3;0.5395524585337128
270000;4;0.5400559948916941
270000;5;0.5375213884135908
270000;6;0.5343863912515189
270000;7;0.5341008452346254
270000;8;0.5414389126902054
270000;9;0.5362629859045018
270000;10;0.535375176510688
270000;11;0.5363414634146342
270000;12;0.5334788937409025
270000;13;0.5304675061513967
270000;14;0.5360799609946367
270000;15;0.5384690729222783
270000;16;0.5330133798720186
270000;17;0.5330133798720186
270000;18;0.5174604668674698
270000;19;0.5271358711285837
280000;0;0.5335409623489094
280000;1;0.5332446193010877
280000;2;0.5223408596300326
280000;3;0.5175771598005301
280000;4;0.5366475684740079
280000;5;0.5324559781855156
280000;6;0.5376995239428731
280000;7;0.5364726426076833
280000;8;0.5397652736131934
280000;9;0.5165329088952654
280000;10;0.5183456312426887
280000;11;0.5380259655349554
280000;12;0.5347544559970293
280000;13;0.5401701987997
280000;14;0.5381013545072396
280000;15;0.5377999253104285
280000;16;0.5369727336285248
280000;17;0.4067343336275375
280000;18;0.5266387822270981
280000;19;0.528547506537597
290000;0;0.534120267260579
290000;1;0.5127207422927267
290000;2;0.5232360256578086
290000;3;0.5164972432804962
290000;4;0.5342154504143277
290000;5;0.537134922056979
290000;6;0.5362941097544613
290000;7;0.5253910528852473
290000;8;0.5264290104486785
290000;9;0.537568367255447
290000;10;0.5254831500065734
290000;11;0.5371108622620381
290000;12;0.530317102295343
290000;13;0.5276799859179722
290000;14;0.5372793261044897
290000;15;0.5344297365958016
290000;16;0.5375442686152329
290000;17;0.5379301063209367
290000;18;0.5309981401115933
290000;19;0.5465110979444875
300000;0;0.5354253625371144
300000;1;0.5468379186077174
300000;2;0.5326519691780822
300000;3;0.5360943558810858
300000;4;0.5353101875752883
300000;5;0.5322418513132005
300000;6;0.5400264745453757
300000;7;0.4131333421873962
300000;8;0.5281751422022243
300000;9;0.5349649598005073
300000;10;0.4112897894423693
300000;11;0.5443022747156605
300000;12;0.5386238690965759
300000;13;0.5390672385408544
300000;14;0.5187072703018176
300000;15;0.5358634797588286
300000;16;0.5347350552236881
300000;17;0.5295688627851549
300000;18;0.5290284863945578
300000;19;0.5131242525464967
310000;0;0.5388755980861244
310000;1;0.5355265901981231
310000;2;0.5340341901672074
310000;3;0.5132210097133949
310000;4;0.5186318468250121
310000;5;0.5280165323243955
310000;6;0.5245005923444586
310000;7;0.5189672594987874
310000;8;0.517669945972099
310000;9;0.5307887882921989
310000;10;0.5212003734675652
310000;11;0.5168780193236715
310000;12;0.41192370624659114
310000;13;0.5366233386274346
310000;14;0.5369150671183038
310000;15;0.5392150686657428
310000;16;0.5342786400898839
310000;17;0.5407593817125047
310000;18;0.5176282051282052
310000;19;0.5385365546747201
320000;0;0.5196554162901261
320000;1;0.5358893841166937
320000;2;0.5162074079856368
320000;3;0.5177026656750303
320000;4;0.5389905452767136
320000;5;0.5383542964138885
320000;6;0.5181894761587588
320000;7;0.5192269943467337
320000;8;0.5205553587593971
320000;9;0.5159657472788983
320000;10;0.5196349992142071
320000;11;0.5155634818539742
320000;12;0.5269433045141241
320000;13;0.5132028248806798
320000;14;0.5354121123795644
320000;15;0.5181082775100874
320000;16;0.5209244160857064
320000;17;0.5243319854107199
320000;18;0.541595004095004
320000;19;0.5239996038034865
330000;0;0.5201415922448668
330000;1;0.5387709519291588
330000;2;0.541575601033181
330000;3;0.5427402333638645
330000;4;0.5185583288943003
330000;5;0.5238603167281672
330000;6;0.5197052318486882
330000;7;0.5430646318138349
330000;8;0.5223144138274634
330000;9;0.517770306207735
330000;10;0.5415325624826162
330000;11;0.5258411142835095
330000;12;0.5229156275179373
330000;13;0.5236389134360472
330000;14;0.5202408672748788
330000;15;0.526287843682422
330000;16;0.5260034735623311
330000;17;0.5216746411483254
330000;18;0.5395815187267401
330000;19;0.5229557576455239
340000;0;0.5207525571433846
340000;1;0.5196970813679245
340000;2;0.33844916962657196
340000;3;0.5368903947919442
340000;4;0.5315079335167527
340000;5;0.5205795496493171
340000;6;0.5324712101189353
340000;7;0.5385922700886038
340000;8;0.5404499118571319
340000;9;0.5277881736526946
340000;10;0.5207910188707117
340000;11;0.5276104605484679
340000;12;0.5248222991328942
340000;13;0.5184552038527995
340000;14;0.5350165029022346
340000;15;0.47149782681377467
340000;16;0.5200228621999337
340000;17;0.5426334218323137
340000;18;0.5307078613630377
340000;19;0.5441619077018058
350000;0;0.4382258015865834
350000;1;0.5312648553771895
350000;2;0.44741623552599163
350000;3;0.5204363089267804
350000;4;0.5201754385964912
350000;5;0.5233609510086455
350000;6;0.5382720165981253
350000;7;0.5299664405048515
350000;8;0.4371051206450448
350000;9;0.5377938182491209
350000;10;0.5245135203436947
350000;11;0.538611255282865
350000;12;0.43933895793643596
350000;13;0.5438941299790356
350000;14;0.5370979667282809
350000;15;0.5312065813528336
350000;16;0.5266048062633658
350000;17;0.5431214953271029
350000;18;0.5453231739358907
350000;19;0.5366020313942752
360000;0;0.518622022565817
360000;1;0.5459419333553283
360000;2;0.5331787913504225
360000;3;0.5436302244935207
360000;4;0.5454021094264997
360000;5;0.546442724003816
360000;6;0.5184414815846272
360000;7;0.5195266168980675
360000;8;0.5273449948656209
360000;9;0.533943424637889
360000;10;0.5403167289482277
360000;11;0.5456618913274466
360000;12;0.5406698130332184
360000;13;0.5370046514982151
360000;14;0.5422446750409612
360000;15;0.5401207703187901
360000;16;0.5291437200213182
360000;17;0.5330261274158912
360000;18;0.5475678358702846
360000;19;0.5311251783166905
370000;0;0.5216179469748471
370000;1;0.5255659440391794
370000;2;0.5230758742927262
370000;3;0.524094122468495
370000;4;0.520591627654522
370000;5;0.5383239204405935
370000;6;0.5212281774335983
370000;7;0.519903784259918
370000;8;0.5206976112920738
370000;9;0.5457325746799431
370000;10;0.5227907610547115
370000;11;0.5258180572211753
370000;12;0.5303428255460326
370000;13;0.5224703799536974
370000;14;0.5220260570806545
370000;15;0.528116181430243
370000;16;0.5312240376626973
370000;17;0.44579363234952357
370000;18;0.5475825156110615
370000;19;0.5251522825268633
380000;0;0.5377943848342532
380000;1;0.5218548333444215
380000;2;0.5385328344375407
380000;3;0.5363235444942053
380000;4;0.5447600527814431
380000;5;0.544703308912885
380000;6;0.5271505376344086
380000;7;0.5306453795156271
380000;8;0.5424994812919289
380000;9;0.5447789700316005
380000;10;0.5417501208647006
380000;11;0.5240513094601817
380000;12;0.5395144095192241
380000;13;0.522671997334666
380000;14;0.5196078431372549
380000;15;0.5240163003540651
380000;16;0.5426308325550828
380000;17;0.527327731092437
380000;18;0.5410961266512606
380000;19;0.5438535672190251
390000;0;0.538733093025563
390000;1;0.550865654482129
390000;2;0.5527534609120521
390000;3;0.5507539132492647
390000;4;0.5334757834757835
390000;5;0.5386440285676498
390000;6;0.5373115867937597
390000;7;0.552678450264622
390000;8;0.44515110941086455
390000;9;0.5426451483961228
390000;10;0.550028698764265
390000;11;0.5437318514068289
390000;12;0.5506422173398682
390000;13;0.5232630970353002
390000;14;0.5547864732325296
390000;15;0.5393038037540967
390000;16;0.5538057519717161
390000;17;0.5550700194214454
390000;18;0.5338429020841525
390000;19;0.5502330529942243
400000;0;0.5400204359673024
400000;1;0.5325575815738963
400000;2;0.5278297400126823
400000;3;0.5399678894619052
400000;4;0.5445780176643769
400000;5;0.5444177376631021
400000;6;0.5328132501200192
400000;7;0.5425193899498143
400000;8;0.527077726769036
400000;9;0.5384136481241915
400000;10;0.5398453207082171
400000;11;0.5386401138900573
400000;12;0.5358142903121983
400000;13;0.5443465323872739
400000;14;0.5421660261838077
400000;15;0.5377353919700248
400000;16;0.5453808353808354
400000;17;0.5528977084025241
400000;18;0.5500115633672525
400000;19;0.5511769964243146
410000;0;0.5502531888981476
410000;1;0.5453419305657021
410000;2;0.5380107796440211
410000;3;0.5289930983485334
410000;4;0.549408
410000;5;0.5487933514463801
410000;6;0.5478826945782941
410000;7;0.537758010461365
410000;8;0.5483201328564129
410000;9;0.5487582702080737
410000;10;0.4507718966603655
410000;11;0.5470621972979862
410000;12;0.5331325301204819
410000;13;0.5398377562570745
410000;14;0.5472365653088545
410000;15;0.5473412394797246
410000;16;0.5499359385009609
410000;17;0.5399905645541752
410000;18;0.5470796290985566
410000;19;0.5374550007825951
420000;0;0.5551829546491468
420000;1;0.5598659591436108
420000;2;0.5566559926806953
420000;3;0.4222241498959056
420000;4;0.5676312352282622
420000;5;0.5647159829218489
420000;6;0.5464895209580838
420000;7;0.5494506321493077
420000;8;0.5641400092721373
420000;9;0.5649956664396707
420000;10;0.5436087202549365
420000;11;0.5561980071304506
420000;12;0.5600549231382898
420000;13;0.546964430193881
420000;14;0.5625057782982527
420000;15;0.5619516024752933
420000;16;0.5655558654024911
420000;17;0.567701853694949
420000;18;0.5487733381437719
420000;19;0.5680905695611578
430000;0;0.5628996575446252
430000;1;0.5612328146245656
430000;2;0.5611989002024352
430000;3;0.5568747376626492
430000;4;0.5618099875986812
430000;5;0.563565750348929
430000;6;0.5657630216265611
430000;7;0.5375976845151954
430000;8;0.5436080543198314
430000;9;0.5491042393425176
430000;10;0.5602847576242044
430000;11;0.5395810940359643
430000;12;0.5425283327491529
430000;13;0.5612836939441557
430000;14;0.5499333826794967
430000;15;0.5523701897341343
430000;16;0.5524359050621617
430000;17;0.5557084729535663
430000;18;0.4508361853443045
430000;19;0.5475664042923263
440000;0;0.5307819587481813
440000;1;0.5510128531659065
440000;2;0.5454079090082959
440000;3;0.5348713525945091
440000;4;0.5263671598721249
440000;5;0.5510944581025443
440000;6;0.5493209329790375
440000;7;0.5403862910252687
440000;8;0.550377163141547
440000;9;0.5522722550387367
440000;10;0.5508170998875007
440000;11;0.5489157692875055
440000;12;0.5516173026179252
440000;13;0.43881931177622113
440000;14;0.5508007933923443
440000;15;0.5485758933836538
440000;16;0.5335981415624641
440000;17;0.5481395280322894
440000;18;0.5350251617541337
440000;19;0.5432580004671805
450000;0;0.5325076315568376
450000;1;0.5296153417636901
450000;2;0.5345736455902612
450000;3;0.534708942632171
450000;4;0.535703217445202
450000;5;0.5298810054620444
450000;6;0.5314806015205724
450000;7;0.5295710903773848
450000;8;0.5422727013461099
450000;9;0.5288052395917345
450000;10;0.5320754980971569
450000;11;0.5380528594470698
450000;12;0.5484510657936486
450000;13;0.5440103570611123
450000;14;0.5331646244006393
450000;15;0.5486726302120906
450000;16;0.5313469330725165
450000;17;0.5507066933124801
450000;18;0.5487834795659201
450000;19;0.5413926141055209
460000;0;0.5502552829385903
460000;1;0.5452903642905329
460000;2;0.551553792789719
460000;3;0.535846476811314
460000;4;0.5385389484204097
460000;5;0.5449686771357137
460000;6;0.5370926659099089
460000;7;0.5480323747104356
460000;8;0.5476919819311123
460000;9;0.5500524554837246
460000;10;0.5512246753615776
460000;11;0.5526536949461569
460000;12;0.5542642857142858
460000;13;0.5530318148127031
460000;14;0.5522132080842584
460000;15;0.5514910734591767
460000;16;0.5537263800879146
460000;17;0.5516322120169477
460000;18;0.5515694748514401
460000;19;0.553299962921765
470000;0;0.5557005971392862
470000;1;0.5532726820230622
470000;2;0.5567520939421766
470000;3;0.5528904609262739
470000;4;0.45665768932304746
470000;5;0.5591169484420847
470000;6;0.5559630988107147
470000;7;0.5511845730027548
470000;8;0.55765210847571
470000;9;0.4596792721591692
470000;10;0.5449395358971566
470000;11;0.5412248431075525
470000;12;0.5420312626987782
470000;13;0.5441984442147636
470000;14;0.5536707529678723
470000;15;0.5419431728920068
470000;16;0.5406690806896179
470000;17;0.552707182320442
470000;18;0.5430905784316387
470000;19;0.555885866696302
480000;0;0.5504482786641025
480000;1;0.5361439425918109
480000;2;0.551688565533717
480000;3;0.4528276661170284
480000;4;0.5296325254104769
480000;5;0.551688565533717
480000;6;0.5342552184657448
480000;7;0.5359035890403734
480000;8;0.5505675814797757
480000;9;0.5347191159058019
480000;10;0.5460701330108827
480000;11;0.5329801463453014
480000;12;0.5477332758341869
480000;13;0.4551501713364241
480000;14;0.5539291847248344
480000;15;0.5512396245863397
480000;16;0.5543825190277437
480000;17;0.5551245629370629
480000;18;0.5887363114896575
480000;19;0.5527088772845953
490000;0;0.5535824334824897
490000;1;0.5531081840815999
490000;2;0.5345195591431232
490000;3;0.5524721895389881
490000;4;0.5494016753091344
490000;5;0.5493870658937403
490000;6;0.5540426387771521
490000;7;0.5517492322072373
490000;8;0.5500452597108704
490000;9;0.5345195591431232
490000;10;0.5513811048839071
490000;11;0.5498403193612774
490000;12;0.5499134948096885
490000;13;0.5351287297969333
490000;14;0.550895928325734
490000;15;0.5496062887393259
490000;16;0.5391083683427706
490000;17;0.549445508217648
490000;18;0.5438911704312115
490000;19;0.538490108687153
500000;0;0.5399449916847896
500000;1;0.5393516152116131
500000;2;0.5503220506936477
500000;3;0.5334618301314459
500000;4;0.5334078960671317
500000;5;0.5397378516624041
500000;6;0.5406643096866753
500000;7;0.5424989074830981
500000;8;0.5484912672835014
500000;9;0.5433789072557804
500000;10;0.4411503407333082
500000;11;0.5404981431681394
500000;12;0.5478363013343025
500000;13;0.5317681298190797
500000;14;0.5310455460493206
500000;15;0.5401108182120646
500000;16;0.5340287970038969
500000;17;0.5330306627601535
500000;18;0.5296860097384669
500000;19;0.5315538260037278
510000;0;0.5460015724865578
510000;1;0.539718454634342
510000;2;0.5466115681495023
510000;3;0.5433282015042148
510000;4;0.5426981446001815
510000;5;0.5478077764771744
510000;6;0.5381802954926127
510000;7;0.5382879503913185
510000;8;0.54013824769169
510000;9;0.5379113465430649
510000;10;0.5417830627909903
510000;11;0.5395426065162907
510000;12;0.5361029485008467
510000;13;0.5391507425680583
510000;14;0.5384360462207993
510000;15;0.536036204277782
510000;16;0.541156582288027
510000;17;0.5441247093317158
510000;18;0.5475012716174975
510000;19;0.5474595020725784
520000;0;0.4457386074013661
520000;1;0.539597423112998
520000;2;0.5281132987075734
520000;3;0.5490844928919476
520000;4;0.5369335625690778
520000;5;0.53525083857699
520000;6;0.5348187200313143
520000;7;0.5516199439832454
520000;8;0.5541508238276299
520000;9;0.5328633061960708
520000;10;0.5497334473307013
520000;11;0.5523167681463328
520000;12;0.5363802536987511
520000;13;0.5543756656692195
520000;14;0.5382953314291342
520000;15;0.5530573264521352
520000;16;0.5557568130974171
520000;17;0.548574690722943
520000;18;0.44516677527083165
520000;19;0.5448558183585475
530000;0;0.44681117591646125
530000;1;0.54169096564125
530000;2;0.5394494857834241
530000;3;0.539279839372974
530000;4;0.5345342285097711
530000;5;0.5428253141131781
530000;6;0.5448551875840156
530000;7;0.5596553109231039
530000;8;0.5595710233690605
530000;9;0.53900602045504
530000;10;0.5507510438026534
530000;11;0.5341243980161487
530000;12;0.4923527982684748
530000;13;0.5426931690929452
530000;14;0.5396061772323482
530000;15;0.5368254388710959
530000;16;0.5342780107849011
530000;17;0.5302873522205571
530000;18;0.5409548653239505
530000;19;0.4386868567605329
540000;0;0.5472466467079984
540000;1;0.5513668535056052
540000;2;0.5485138104576708
540000;3;0.558409304115652
540000;4;0.542438722340351
540000;5;0.5491236162361623
540000;6;0.5473627746864095
540000;7;0.561040891294891
540000;8;0.5449343912114739
540000;9;0.5461523079094716
540000;10;0.5553900811024187
540000;11;0.5425781797784321
540000;12;0.5585033440792956
540000;13;0.5488769358080151
540000;14;0.5451903431107771
540000;15;0.5590817137490066
540000;16;0.5603231879510512
540000;17;0.544832077730057
540000;18;0.5430350877192982
540000;19;0.5532326867165531
550000;0;0.5960501419110691
550000;1;0.5798532017210832
550000;2;0.5801869417073395
550000;3;0.5920313858153029
550000;4;0.5841542847870935
550000;5;0.5902979480933196
550000;6;0.5903117753156403
550000;7;0.5909901036536748
550000;8;0.5792268088627379
550000;9;0.5780178444459735
550000;10;0.596332229058211
550000;11;0.5776601109430156
550000;12;0.5878332672435912
550000;13;0.5770516578127862
550000;14;0.5942791114464934
550000;15;0.5804007369875633
550000;16;0.5808421877520916
550000;17;0.5769988094147815
550000;18;0.5830460634384471
550000;19;0.5813781807276167
560000;0;0.5433316907087179
560000;1;0.5541049890350878
560000;2;0.5517480608693675
560000;3;0.5541809458533242
560000;4;0.5524266095789018
560000;5;0.5617661363162648
560000;6;0.5539657889327883
560000;7;0.5503959519865671
560000;8;0.5563927883292045
560000;9;0.5502835753176043
560000;10;0.5536244122883097
560000;11;0.5611034004163775
560000;12;0.5506958476173178
560000;13;0.5456171131655307
560000;14;0.5500340136054421
560000;15;0.5476496884313194
560000;16;0.5446615021892893
560000;17;0.5437214202456738
560000;18;0.5460961772254491
560000;19;0.548951048951049
570000;0;0.5639394943137904
570000;1;0.5728063879418626
570000;2;0.5649625024887729
570000;3;0.5704393665259443
570000;4;0.5676877250700217
570000;5;0.5685091605262572
570000;6;0.5694091415830547
570000;7;0.5732435465768799
570000;8;0.5764004875186205
570000;9;0.5772995456292244
570000;10;0.4700620294870143
570000;11;0.5739392304926285
570000;12;0.5723442402510085
570000;13;0.5684079325157471
570000;14;0.5758026695526696
570000;15;0.5763354471801584
570000;16;0.5737200368431694
570000;17;0.5676751061417743
570000;18;0.46204226371399626
570000;19;0.5748564997186268
580000;0;0.5564271706186485
580000;1;0.5518033946251768
580000;2;0.5553133757395133
580000;3;0.5390211782992596
580000;4;0.5474238105678579
580000;5;0.5467165911230814
580000;6;0.5434678507683601
580000;7;0.5381962407311606
580000;8;0.549218011042432
580000;9;0.5443683774473466
580000;10;0.5439651416122004
580000;11;0.5505501532491015
580000;12;0.5401639876252082
580000;13;0.5406435407734616
580000;14;0.5448554282596836
580000;15;0.544700903180767
580000;16;0.5582684911904123
580000;17;0.553884378188917
580000;18;0.555597587841296
580000;19;0.5355067024128687
590000;0;0.5778002903764058
590000;1;0.5455833606154854
590000;2;0.5703353938953177
590000;3;0.5834135614729886
590000;4;0.5723554286695574
590000;5;0.5700793209612589
590000;6;0.5686810843090836
590000;7;0.5703597937923806
590000;8;0.5711172274937348
590000;9;0.5809602143977689
590000;10;0.5839629872974157
590000;11;0.5834518599562363
590000;12;0.5812514987029407
590000;13;0.5846416120332405
590000;14;0.5723677149296984
590000;15;0.454198960906226
590000;16;0.5715089486657379
590000;17;0.5845134489335116
590000;18;0.5765509114104699
590000;19;0.585977847614443
600000;0;0.5414560744919573
600000;1;0.5443672514126676
600000;2;0.544275444809849
600000;3;0.544780764686023
600000;4;0.5488806922063013
600000;5;0.5474723806696495
600000;6;0.5507775834115539
600000;7;0.5556733314680499
600000;8;0.5568358279773973
600000;9;0.5579187915982367
600000;10;0.555517901712712
600000;11;0.5539208324393907
600000;12;0.5526758000642192
600000;13;0.5416719117153407
600000;14;0.529702919513346
600000;15;0.5520730872856349
600000;16;0.5562120298160197
600000;17;0.5557450976171513
600000;18;0.5569078947368421
600000;19;0.5532442625409818
610000;0;0.5659097658238588
610000;1;0.5656458041809779
610000;2;0.56382877551883
610000;3;0.5569199457259159
610000;4;0.5553895955201199
610000;5;0.561054214333782
610000;6;0.5569548244332179
610000;7;0.5631028514742819
610000;8;0.5642342018441756
610000;9;0.5651305895062382
610000;10;0.5636739135027783
610000;11;0.5613965869158092
610000;12;0.5641506840625066
610000;13;0.5115083016986848
610000;14;0.5537641662169455
610000;15;0.5534769620148123
610000;16;0.5560030426808936
610000;17;0.5656697905181919
610000;18;0.5554821045618272
610000;19;0.5535114107883817
620000;0;0.5539367798258136
620000;1;0.5474138812225289
620000;2;0.5419188035052923
620000;3;0.5416666666666666
620000;4;0.5520637898686679
620000;5;0.5547975716890436
620000;6;0.5575237361539103
620000;7;0.5488051074993339
620000;8;0.5435358476778175
620000;9;0.5377397329049102
620000;10;0.5439333306248476
620000;11;0.5513590033975085
620000;12;0.5475482076764207
620000;13;0.5447411250127149
620000;14;0.5562959654298417
620000;15;0.5591536501837621
620000;16;0.5569207570715474
620000;17;0.5422919577941147
620000;18;0.5599019320843092
620000;19;0.5467544002940335
630000;0;0.5514531919233122
630000;1;0.5432321385517962
630000;2;0.5516332068388624
630000;3;0.5455889178118126
630000;4;0.5557948074906983
630000;5;0.5557148435894274
630000;6;0.5412529527164992
630000;7;0.5549734189946427
630000;8;0.5433959040938964
630000;9;0.5501292015951819
630000;10;0.5562979651461843
630000;11;0.551115980432124
630000;12;0.542371266373794
630000;13;0.5443038611748601
630000;14;0.5565155195125967
630000;15;0.5568249685936116
630000;16;0.5429485119884333
630000;17;0.545699033241165
630000;18;0.5450609817558714
630000;19;0.5482217806524868
640000;0;0.5543922524009905
640000;1;0.5442344942087994
640000;2;0.5477857796522501
640000;3;0.5424760628866385
640000;4;0.5441699604743083
640000;5;0.5454959684608832
640000;6;0.5438475212324708
640000;7;0.5490418934816853
640000;8;0.5455500079251863
640000;9;0.5473284567066868
640000;10;0.5446866592815319
640000;11;0.5561839739834771
640000;12;0.5445897035264334
640000;13;0.545064037848645
640000;14;0.5385292391942108
640000;15;0.5531337886701486
640000;16;0.5427326841960027
640000;17;0.5575240949218434
640000;18;0.5495678901462986
640000;19;0.5477857796522501
650000;0;0.5557359848106326
650000;1;0.5423175940553507
650000;2;0.5574405597209414
650000;3;0.5512519329130486
650000;4;0.5523798645185641
650000;5;0.5499218811802864
650000;6;0.552105670717179
650000;7;0.5444199706314243
650000;8;0.5468396625302366
650000;9;0.5516018647093831
650000;10;0.45515370261245336
650000;11;0.554185351270553
650000;12;0.5507060524439515
650000;13;0.5536556955976345
650000;14;0.542444548487154
650000;15;0.5513065804865476
650000;16;0.45002670421441054
650000;17;0.5584257139414387
650000;18;0.5498675077616721
650000;19;0.5539976490277335
660000;0;0.5534720861900098
660000;1;0.5444704590126026
660000;2;0.5489770342737235
660000;3;0.5587807772174429
660000;4;0.555332258888736
660000;5;0.5420783531262591
660000;6;0.5562068150947853
660000;7;0.5450586442378178
660000;8;0.5477106635392638
660000;9;0.5410403462076097
660000;10;0.5475408406487995
660000;11;0.5449009700499489
660000;12;0.5442187680573212
660000;13;0.5486039648175834
660000;14;0.5563053750738335
660000;15;0.5539929806674249
660000;16;0.4587405831926224
660000;17;0.5471379330377026
660000;18;0.5465875457025129
660000;19;0.5561411278417479
670000;0;0.46251144780603803
670000;1;0.5556011271737662
670000;2;0.5559015507019678
670000;3;0.5625061064973131
670000;4;0.5465709077790647
670000;5;0.5309450910231108
670000;6;0.5442869838148541
670000;7;0.5525828310362038
670000;8;0.5470279155502347
670000;9;0.5458350714854564
670000;10;0.543608603693772
670000;11;0.5551511002256379
670000;12;0.5465709077790647
670000;13;0.5492825385921728
670000;14;0.5496391270311038
670000;15;0.5434854434920515
670000;16;0.5459178835577471
670000;17;0.5467162364917478
670000;18;0.549167270784845
670000;19;0.5487694448680799
680000;0;0.5503850788988062
680000;1;0.5466485253137332
680000;2;0.5530092329814205
680000;3;0.4327492523170768
680000;4;0.5420661708796202
680000;5;0.5565366819627182
680000;6;0.550126103404792
680000;7;0.552298665961226
680000;8;0.5466280787716706
680000;9;0.5443274298377936
680000;10;0.5416543122938364
680000;11;0.546270511718312
680000;12;0.5586321241542754
680000;13;0.55543678619615
680000;14;0.5464134823898901
680000;15;0.5398036825678246
680000;16;0.5436086519863116
680000;17;0.5510387798578512
680000;18;0.5449566514402908
680000;19;0.5445099573389967
690000;0;0.547773612085842
690000;1;0.5492444584359549
690000;2;0.547611794246889
690000;3;0.5432686143419727
690000;4;0.5480266440014042
690000;5;0.434148894125913
690000;6;0.5437765840422412
690000;7;0.5441057768156886
690000;8;0.5455770362740049
690000;9;0.5543774882712472
690000;10;0.5602310075176609
690000;11;0.5545744362589282
690000;12;0.553859871897817
690000;13;0.5572731713732785
690000;14;0.5459687068568799
690000;15;0.5544085760215335
690000;16;0.5489903009662015
690000;17;0.5456974904327347
690000;18;0.5559570001312114
690000;19;0.5435971921850372
700000;0;0.5558788159111934
700000;1;0.5542688213699337
700000;2;0.4527546299784512
700000;3;0.5408101735186118
700000;4;0.6091776322458993
700000;5;0.5607863448867985
700000;6;0.5545655062940678
700000;7;0.5570537303470781
700000;8;0.5428523677886787
700000;9;0.5407031151582774
700000;10;0.5521907334913896
700000;11;0.5454541328540566
700000;12;0.5402558754248108
700000;13;0.5566306019230413
700000;14;0.5459596234917866
700000;15;0.44561654603701945
700000;16;0.5508947725480848
700000;17;0.5472025424809223
700000;18;0.4556452835911435
700000;19;0.54485075438851
710000;0;0.5410137228862328
710000;1;0.5415699168690289
710000;2;0.5507164744051911
710000;3;0.5485511409540567
710000;4;0.5544541429245454
710000;5;0.5447855003209472
710000;6;0.5448826550629525
710000;7;0.5501413446649142
710000;8;0.5490045460262699
710000;9;0.5470484494736089
710000;10;0.5411095368812538
710000;11;0.5443002458403107
710000;12;0.5513723968672176
710000;13;0.5458268574593137
710000;14;0.5418292250399007
710000;15;0.5423197074850459
710000;16;0.5488368959942519
710000;17;0.5447660735299362
710000;18;0.5594695305061159
710000;19;0.5518304796994654
720000;0;0.5491397983097791
720000;1;0.5605551226054334
720000;2;0.5583390497508846
720000;3;0.4693793155778132
720000;4;0.5438580295757064
720000;5;0.5493641320758068
720000;6;0.5466938277714932
720000;7;0.5466358559259128
720000;8;0.5494617256755077
720000;9;0.5490033370016685
720000;10;0.4559085817045488
720000;11;0.5437910967333591
720000;12;0.5486332836668085
720000;13;0.5483609318488051
720000;14;0.5587929757366624
720000;15;0.5565607399276628
720000;16;0.5517356713462602
720000;17;0.559116216851353
720000;18;0.5580167063577975
720000;19;0.5458544376400826
730000;0;0.5527290808603513
730000;1;0.5446193201526188
730000;2;0.5500183907240691
730000;3;0.5440626136973961
730000;4;0.5509737696289149
730000;5;0.5454612565354084
730000;6;0.551699754040759
730000;7;0.5509737696289149
730000;8;0.5512929672413188
730000;9;0.5527193522837279
730000;10;0.540271660587709
730000;11;0.48468513659515355
730000;12;0.5560370776967207
730000;13;0.5471243640671823
730000;14;0.548356819808965
730000;15;0.5527290808603513
730000;16;0.5477637844720822
730000;17;0.5472387773595427
730000;18;0.5469242558824041
730000;19;0.5502111294109402
740000;0;0.9482531638402084
740000;1;1.1526938894911638
740000;2;1.181336413656885
740000;3;1.1498841301175864
740000;4;1.1607634857647855
740000;5;1.1635256722017648
740000;6;1.1516633714433078
740000;7;1.1639906861978488
740000;8;1.158595222858329
740000;9;1.1559162050698004
740000;10;1.1546410411100578
740000;11;1.150693991136153
740000;12;1.1727123124595158
740000;13;1.1548400999913802
740000;14;0.9495570203416259
740000;15;1.1471273225447385
740000;16;1.1843649993811771
740000;17;1.1602005646292672
740000;18;1.1025858379695164
740000;19;1.1646180326158768
750000;0;0.5561383832283668
750000;1;0.5498294097577618
750000;2;0.5521275866794573
750000;3;0.5539209789128156
750000;4;0.5518817848703812
750000;5;0.5316716703506977
750000;6;0.5507030942983581
750000;7;0.5507313239013054
750000;8;0.5437536904259807
750000;9;0.5513342456380431
750000;10;0.5506654593292444
750000;11;0.5509478470453496
750000;12;0.5495575372129107
750000;13;0.5514002703026363
750000;14;0.5474200889975882
750000;15;0.5491923391494002
750000;16;0.5505807994533652
750000;17;0.5514757464282659
750000;18;0.4514019215148035
750000;19;0.54849139764818
760000;0;1.107625718572464
760000;1;1.1036071218610901
760000;2;1.110246033221244
760000;3;1.1033847213125767
760000;4;1.1031994559833438
760000;5;1.1057057991989498
760000;6;1.126927430835463
760000;7;1.1133124915277213
760000;8;1.1106026031102096
760000;9;1.1262706344172653
760000;10;1.1339877459440801
760000;11;1.1315075688428884
760000;12;1.1000594371054966
760000;13;1.101165635946168
760000;14;0.9442021383611646
760000;15;1.1116548795343801
760000;16;1.1123888935918056
760000;17;1.1239009579199453
760000;18;1.112219419710871
760000;19;0.9033485488017818
770000;0;0.4888076462367738
770000;1;0.478249369252055
770000;2;0.49880736125494457
770000;3;0.503422545105632
770000;4;0.5027334325753298
770000;5;0.48455125667920046
770000;6;0.4993159764118077
770000;7;0.5011214204089987
770000;8;0.5018318302930929
770000;9;0.502475501513519
770000;10;0.4988751167331692
770000;11;0.49968962057177846
770000;12;0.4973298012796642
770000;13;0.5009761628700041
770000;14;0.4977173397479333
770000;15;0.5003278046454601
770000;16;0.4893531087090488
770000;17;0.4905459554219885
770000;18;0.4950005054248939
770000;19;0.49754877057508634
780000;0;0.7057690399814809
780000;1;0.7039764480802216
780000;2;0.7033500313087038
780000;3;0.7028404412975465
780000;4;0.7001771624481226
780000;5;0.7018234733138216
780000;6;0.7048134081902245
780000;7;0.716695211229767
780000;8;0.7161901406087453
780000;9;0.7210050675675675
780000;10;0.7188436794772475
780000;11;0.6972605201254574
780000;12;0.7095704358812381
780000;13;0.5930817435284637
780000;14;0.7041971194298253
780000;15;0.695125724708488
780000;16;0.7031530566858311
780000;17;0.6952615976022934
780000;18;0.7000623247117482
780000;19;0.7017657793926639
790000;0;0.556587112959662
790000;1;0.5606587085189865
790000;2;0.5513816219751472
790000;3;0.5494859135422268
790000;4;0.5479858301239864
790000;5;0.5475320668939763
790000;6;0.5475320668939763
790000;7;0.46490708062203595
790000;8;0.5497277647365676
790000;9;0.5463788075178224
790000;10;0.5505264876336625
790000;11;0.5498084291187739
790000;12;0.5425985518905873
790000;13;0.543402945631506
790000;14;0.5471056815600766
790000;15;0.5489939113730342
790000;16;0.5448868134886652
790000;17;0.5515800320586215
790000;18;0.5554411740483917
790000;19;0.5530001147898526
800000;0;0.5533935594094513
800000;1;0.5489256422964396
800000;2;0.55812526415033
800000;3;0.5420620135457287
800000;4;0.5315717360003716
800000;5;0.5520411280468197
800000;6;0.555569489166842
800000;7;0.538457617815416
800000;8;0.5585247421674203
800000;9;0.5972611199053699
800000;10;0.5706100844246493
800000;11;0.558724695697455
800000;12;0.5514913746024608
800000;13;0.5589884896537127
800000;14;0.5478133575850406
800000;15;0.5536166336122801
800000;16;0.5495230550087227
800000;17;0.5472370979567116
800000;18;0.5599913558299219
800000;19;0.5422760439699286
810000;0;0.5479677156213724
810000;1;0.5526580175619017
810000;2;0.5524220331477733
810000;3;0.5476498440023204
810000;4;0.5524045608375241
810000;5;0.5513843506811258
810000;6;0.56423644763197
810000;7;0.5617682534577034
810000;8;0.560533241330616
810000;9;0.5616869542845198
810000;10;0.5467668972857903
810000;11;0.5607311983305241
810000;12;0.45571754729288977
810000;13;0.5559477009756331
810000;14;0.5601557112846582
810000;15;0.5543595562679532
810000;16;0.5601377463478777
810000;17;0.515864752706275
810000;18;0.5503418884214838
810000;19;0.5596620950427789
820000;0;0.5614345130784072
820000;1;0.5599733434281298
820000;2;0.5497499148316765
820000;3;0.4996024486349564
820000;4;0.5499287451399538
820000;5;0.5508588319265144
820000;6;0.5478073356273242
820000;7;0.4782539874986529
820000;8;0.5537112421236509
820000;9;0.5479003333539108
820000;10;0.557817704732575
820000;11;0.5511752650944715
820000;12;0.4980464914003535
820000;13;0.5527542933657185
820000;14;0.5506708546610827
820000;15;0.5560354278912417
820000;16;0.5514492303390858
820000;17;0.5547321791305978
820000;18;0.5608668520332396
820000;19;0.5536939704919055
830000;0;0.5527394950253713
830000;1;0.4487783475641632
830000;2;0.5473109384012872
830000;3;0.5490026646364674
830000;4;0.5498818057038279
830000;5;0.5461502923445121
830000;6;0.552358447208775
830000;7;0.5513533144735836
830000;8;0.5508479107783973
830000;9;0.5471863475634741
830000;10;0.5602982082640519
830000;11;0.4510295092630815
830000;12;0.5516654426390036
830000;13;0.5518089713962137
830000;14;0.5515051164782722
830000;15;0.5480596765367545
830000;16;0.5508226649149073
830000;17;0.5491615389301816
830000;18;0.5080349720308295
830000;19;0.5488104660720265
840000;0;0.484375946224187
840000;1;0.48010924533681476
840000;2;0.4834391054699305
840000;3;0.48433928274066335
840000;4;0.4821059927971912
840000;5;0.4819099261937039
840000;6;0.4836729757513455
840000;7;0.4825859390319321
840000;8;0.4886370578532592
840000;9;0.4834391054699305
840000;10;0.4796198300028483
840000;11;0.4816995136933709
840000;12;0.48280441245265365
840000;13;0.4843979469787582
840000;14;0.4822004521477016
840000;15;0.4569135414583988
840000;16;0.48371685162226724
840000;17;0.4854710711196759
840000;18;0.4819026675302375
840000;19;0.48238948193715697
850000;0;0.5538892378559463
850000;1;0.5495822698403277
850000;2;0.5512018157463908
850000;3;0.5606135145772153
850000;4;0.5514973047026238
850000;5;0.5509476205352494
850000;6;0.555259449167154
850000;7;0.5527649253731344
850000;8;0.5577009953769934
850000;9;0.5579530560284436
850000;10;0.5493703088379268
850000;11;0.5499250141062573
850000;12;0.5492236623561514
850000;13;0.5479559981061727
850000;14;0.5486459861043212
850000;15;0.5501864396707966
850000;16;0.5477939001301622
850000;17;0.5478344156324424
850000;18;0.5526082155806562
850000;19;0.55302905865488
860000;0;0.5574637411677204
860000;1;0.5501879202513433
860000;2;0.5511265037206977
860000;3;0.5517756706616802
860000;4;0.5504546055433969
860000;5;0.5493169358857847
860000;6;0.5461945432285897
860000;7;0.4478643816626034
860000;8;0.5514184397163121
860000;9;0.5498730796883483
860000;10;0.5507458299654641
860000;11;0.5477272727272727
860000;12;0.5518000441728631
860000;13;0.5585272068795922
860000;14;0.5500425644337462
860000;15;0.5513616501640454
860000;16;0.5530214712609755
860000;17;0.5552666281430116
860000;18;0.5526870778397192
860000;19;0.5499537736818162
870000;0;0.559502958405699
870000;1;0.5551721871713985
870000;2;0.548538961038961
870000;3;0.5532813728058685
870000;4;0.5521803233444214
870000;5;0.44966464785067073
870000;6;0.5473069281271596
870000;7;0.551291440670592
870000;8;0.48113189636623677
870000;9;0.5517235123367199
870000;10;0.552300662521067
870000;11;0.5505249818971759
870000;12;0.5488795356426065
870000;13;0.5491253286337503
870000;14;0.5494031015594514
870000;15;0.5460255102773668
870000;16;0.551163549369291
870000;17;0.5501584751649878
870000;18;0.5478827666719513
870000;19;0.5506605536482552
880000;0;1.0537839732449286
880000;1;1.0368397229566617
880000;2;1.0456445816305828
880000;3;1.037063253661411
880000;4;1.033202313959649
880000;5;1.0411934892714392
880000;6;1.032093918068429
880000;7;1.037212327684103
880000;8;0.9314505718637854
880000;9;1.015963363464842
880000;10;1.033483485634077
880000;11;1.0293259629101283
880000;12;1.028592302209551
880000;13;1.0371676009774329
880000;14;1.0366311812200097
880000;15;1.0363631793634378
880000;16;1.0369887327182317
880000;17;1.0359465629127664
880000;18;1.0332910884850568
880000;19;1.0320496316956305
890000;0;0.5510283577438454
890000;1;0.551473611091422
890000;2;0.5581276901004304
890000;3;0.5521467603434816
890000;4;0.4487737067971021
890000;5;0.5532225034841719
890000;6;0.5586968073647475
890000;7;0.5542866506133964
890000;8;0.5511376515924289
890000;9;0.5526880345523257
890000;10;0.5525545786401148
890000;11;0.5466457759541341
890000;12;0.5615842127297137
890000;13;0.549658066521604
890000;14;0.5564193151586234
890000;15;0.5548242173571989
890000;16;0.5521154146383003
890000;17;0.5517708466306398
890000;18;0.5544841643148323
890000;19;0.5498289800995025
900000;0;0.5630298654695698
900000;1;0.5626276840436019
900000;2;0.548148122372853
900000;3;0.551657118043396
900000;4;0.5427841942775236
900000;5;0.5634406833009042
900000;6;0.5612405586432948
900000;7;0.5592798511701886
900000;8;0.5528807682048547
900000;9;0.5525162041583659
900000;10;0.5521985726103843
900000;11;0.559033741678141
900000;12;0.5584788065289221
900000;13;0.5599080142741374
900000;14;0.5599318963801291
900000;15;0.5527721243596042
900000;16;0.5594149064617395
900000;17;0.5557597866275296
900000;18;0.5633600835407547
900000;19;0.5534401832515915
910000;0;0.4536634115698704
910000;1;0.5600510412701099
910000;2;0.5564108311037024
910000;3;0.5540514151009193
910000;4;0.5572851631006664
910000;5;0.5531717846946591
910000;6;0.5655934954718915
910000;7;0.5660367947786186
910000;8;0.5549881235154395
910000;9;0.5476876620153328
910000;10;0.5531024591305317
910000;11;0.5512372149825833
910000;12;0.5541982922201139
910000;13;0.5509695944071464
910000;14;0.5505800978611923
910000;15;0.5518115640021116
910000;16;0.5522181595740244
910000;17;0.5507633217321372
910000;18;0.5525023646580982
910000;19;0.5526868703734624
920000;0;0.5563455126424006
920000;1;0.5517463488564343
920000;2;0.5544122329747615
920000;3;0.5545581066858694
920000;4;0.45143844341483763
920000;5;0.5599942666163248
920000;6;0.5637388084914691
920000;7;0.5629146752881642
920000;8;0.5615097170419809
920000;9;0.6132956076941926
920000;10;0.5602214543521445
920000;11;0.5596968511090302
920000;12;0.5603390375977724
920000;13;0.5483766055925287
920000;14;0.5533626741101039
920000;15;0.5622902596217302
920000;16;0.5566935427816779
920000;17;0.554765533005472
920000;18;0.555913015714365
920000;19;0.5587129403557726
930000;0;0.5592183154822544
930000;1;0.5515867088521652
930000;2;0.5633833095241397
930000;3;0.5599043405146866
930000;4;0.5599969670650841
930000;5;0.5615996128853864
930000;6;0.5610256339428761
930000;7;0.5529005825665596
930000;8;0.5585186101830082
930000;9;0.551833989947018
930000;10;0.5618559552955171
930000;11;0.5515867088521652
930000;12;0.44949098152041606
930000;13;0.5523367281726337
930000;14;0.5503014292487977
930000;15;0.5613590193612581
930000;16;0.5562242396856043
930000;17;0.5501672693781913
930000;18;0.5624238480283562
930000;19;0.5554788245107826
940000;0;1.2578299550458962
940000;1;1.2482369204877852
940000;2;1.2791788715814831
940000;3;1.2604595174190416
940000;4;1.273409502786521
940000;5;1.261701768597273
940000;6;1.2567473978645007
940000;7;1.25372949115252
940000;8;1.2596610055263513
940000;9;1.2550259185646755
940000;10;1.151992628568611
940000;11;1.2755821412972266
940000;12;1.2685695475708914
940000;13;1.2692931940728265
940000;14;1.256156162210842
940000;15;1.257576063407479
940000;16;1.2548405505203089
940000;17;1.256156162210842
940000;18;1.2622811875303905
940000;19;1.2766799633884782
950000;0;0.5518319809829882
950000;1;0.5536259109743262
950000;2;0.5532720857466213
950000;3;0.5541944518538277
950000;4;0.5572340454063912
950000;5;0.5495113661910367
950000;6;0.5517880143944122
950000;7;0.5530806191851566
950000;8;0.5509466733844236
950000;9;0.5550902363109312
950000;10;0.5550457490148935
950000;11;0.5570771664521664
950000;12;0.5548900996180861
950000;13;0.5555355018115216
950000;14;0.5620578647657951
950000;15;0.5549345619658119
950000;16;0.5516927774827403
950000;17;0.5496203904555315
950000;18;0.5518173246749798
950000;19;0.5591987511606938
960000;0;0.5550023128262737
960000;1;0.4525096171459974
960000;2;0.5529342444830674
960000;3;0.5498716790404735
960000;4;0.4912412558781555
960000;5;0.5548776459395893
960000;6;0.55165585097998
960000;7;0.5513661309805157
960000;8;0.5499292851249951
960000;9;0.5499436885321041
960000;10;0.545125006490472
960000;11;0.5505204441472975
960000;12;0.5546138302649304
960000;13;0.5592298882718763
960000;14;0.551149040606872
960000;15;0.5510477902582406
960000;16;0.5553325839724941
960000;17;0.5611428838676056
960000;18;0.5615330614428027
960000;19;0.5622849300394992
970000;0;0.5520249808289684
970000;1;0.560793413964297
970000;2;0.5596259256331199
970000;3;0.5620624627803877
970000;4;0.5631355988385198
970000;5;0.5624793071024646
970000;6;0.5539473340984975
970000;7;0.5636363033150198
970000;8;0.5609341363234148
970000;9;0.5534276295215261
970000;10;0.5628147196013994
970000;11;0.6149427367628535
970000;12;0.559603805156989
970000;13;0.5549534187866672
970000;14;0.5538606488967711
970000;15;0.5555922558702335
970000;16;0.5545838556356419
970000;17;0.5495891563146998
970000;18;0.5514945528676977
970000;19;0.5545983390352824
980000;0;0.4360694068422348
980000;1;0.4346056521682998
980000;2;0.43715667813778325
980000;3;0.4363011301778216
980000;4;0.4421056433289994
980000;5;0.43441496431843696
980000;6;0.4337824081232926
980000;7;0.43305696349087913
980000;8;0.43477966057913364
980000;9;0.3553524680150319
980000;10;0.43971485298535734
980000;11;0.43733273572894743
980000;12;0.4409532105525137
980000;13;0.44185031567065247
980000;14;0.435223732012877
980000;15;0.43779342723004694
980000;16;0.43425245098039217
980000;17;0.35420086279461277
980000;18;0.4367766504048163
980000;19;0.4379358120414217
990000;0;0.563600194452973
990000;1;0.5633767695239069
990000;2;0.5606523371384212
990000;3;0.4583289985643245
990000;4;0.5667541456009674
990000;5;0.566113259916989
990000;6;0.5667395639030038
990000;7;0.563506478556171
990000;8;0.5678865142179483
990000;9;0.5717187053907447
990000;10;0.5717261248166942
990000;11;0.5749794442776784
990000;12;0.5597832302003787
990000;13;0.5295514099574489
990000;14;0.5616673253694048
990000;15;0.5647851392236296
990000;16;0.5603029455155925
990000;17;0.5643727341438106
990000;18;0.5616959698086265
990000;19;0.5718225948808473
1000000;0;0.564379426448392
1000000;1;0.564707249070632
1000000;2;0.5503295763308845
1000000;3;0.553679681073214
1000000;4;0.5544937198190091
1000000;5;0.5521005540061332
1000000;6;0.5554229563141925
1000000;7;0.5512448969305983
1000000;8;0.5500735543736562
1000000;9;0.5541636055024953
1000000;10;0.5563270133140045
1000000;11;0.5546061889126935
1000000;12;0.5542057258677476
1000000;13;0.5566880439761795
1000000;14;0.5534835469301519
1000000;15;0.5591498172337108
1000000;16;0.49402080016260713
1000000;17;0.5653932642353123
1000000;18;0.6104738780977896
1000000;19;0.5565251682334533
