Taille_mat;Run_ID;Eff
10000;0;0.13500186081131374
10000;1;0.11450441919191919
10000;2;0.1280896892655367
10000;3;0.12564946311049532
10000;4;0.11450441919191919
10000;5;0.14848546868604176
10000;6;0.12909252669039145
10000;7;0.1562903920723826
10000;8;0.1387189292543021
10000;9;0.14275875639512003
10000;10;0.14120280264694435
10000;11;0.13015787585217078
10000;12;0.1459758551307847
10000;13;0.16244961934617108
10000;14;0.10841303048416019
10000;15;0.14621120515921
10000;16;0.15462489343563512
10000;17;0.11889544411668306
10000;18;0.11421599496221663
10000;19;0.1337080722447475
20000;0;0.14915151515151515
20000;1;0.16152533473352587
20000;2;0.1658355795148248
20000;3;0.18240438778535428
20000;4;0.13305579584775087
20000;5;0.1901854714064915
20000;6;0.16220669654626943
20000;7;0.13578680203045684
20000;8;0.1611867959130207
20000;9;0.16034662496742247
20000;10;0.14288202508128192
20000;11;0.17679597701149424
20000;12;0.18791997556505805
20000;13;0.17786932639491182
20000;14;0.23791569992266048
20000;15;0.19643997445721584
20000;16;0.16437349719476355
20000;17;0.2121551724137931
20000;18;0.1726290684624018
20000;19;0.15564128509992411
30000;0;0.26622596153846156
30000;1;0.30292669584245074
30000;2;0.21745533084625956
30000;3;0.2774298597194389
30000;4;0.2774298597194389
30000;5;0.27171246319921494
30000;6;0.23822327382232739
30000;7;0.22962886170433341
30000;8;0.2797423591816115
30000;9;0.29384452109312814
30000;10;0.2896182008368201
30000;11;0.28848658504818964
30000;12;0.26913730255164037
30000;13;0.19505107432194435
30000;14;0.2410753156290814
30000;15;0.22853900123813453
30000;16;0.24949312908312682
30000;17;0.23771195535522643
30000;18;0.2540137614678899
30000;19;0.23679709215308958
40000;0;0.3624818577648766
40000;1;0.2873441994247363
40000;2;0.34711605281445446
40000;3;0.29993995196156925
40000;4;0.3086508753861998
40000;5;0.2895092735703246
40000;6;0.2775
40000;7;0.30606617647058826
40000;8;0.3133626097867001
40000;9;0.35225669957686884
40000;10;0.2773459189339256
40000;11;0.25376799322607957
40000;12;0.350444340505145
40000;13;0.3028496362166532
40000;14;0.30340149827900387
40000;15;0.3430631868131868
40000;16;0.29743946010321554
40000;17;0.31607255853195526
40000;18;0.2808809746954077
40000;19;0.28273584905660376
50000;0;0.3148537323470074
50000;1;0.40579631635969665
50000;2;0.2860470444478387
50000;3;0.3221104231166151
50000;4;0.28936186650185414
50000;5;0.3490680335507922
50000;6;0.3359795479009688
50000;7;0.3374932420255902
50000;8;0.39517830765984385
50000;9;0.425625
50000;10;0.35691823899371067
50000;11;0.29844621513944225
50000;12;0.28461246200607904
50000;13;0.3242295706371191
50000;14;0.3219996561210454
50000;15;0.3450165806927045
50000;16;0.34508015478164733
50000;17;0.3130641925777332
50000;18;0.3400054466230937
50000;19;0.3263199163617355
60000;0;0.3587738504848295
60000;1;0.35765512940442784
60000;2;0.4491873898570589
60000;3;0.3088730308334455
60000;4;0.33730333774444937
60000;5;0.3263157894736842
60000;6;0.3816971713810316
60000;7;0.43996931338703493
60000;8;0.383740381398461
60000;9;0.36280246718329906
60000;10;0.37440835645503506
60000;11;0.3530860397106357
60000;12;0.41739446870451236
60000;13;0.3932796159780559
60000;14;0.33656103286384975
60000;15;0.3312157089228992
60000;16;0.3258059934668371
60000;17;0.3990259175508784
60000;18;0.34857924327609785
60000;19;0.32673408346389404
70000;0;0.37387262383793535
70000;1;0.3470504894384338
70000;2;0.4022242125690402
70000;3;0.37907990996060775
70000;4;0.3716551724137931
70000;5;0.43706407137064074
70000;6;0.3864744693057946
70000;7;0.3864744693057946
70000;8;0.31993588221325103
70000;9;0.3866963260619977
70000;10;0.38780944156591823
70000;11;0.29652250467701113
70000;12;0.35745555850358185
70000;13;0.3562739653576623
70000;14;0.36624983009378825
70000;15;0.3939327485380117
70000;16;0.35802551155992557
70000;17;0.3838319088319088
70000;18;0.3669481138499251
70000;19;0.3752262916028408
80000;0;0.35182878496206543
80000;1;0.4274315586738203
80000;2;0.4358866442199775
80000;3;0.4168231821840622
80000;4;0.38211782068626243
80000;5;0.3671274961597542
80000;6;0.34236914600550966
80000;7;0.4056135770234987
80000;8;0.3769258765012738
80000;9;0.3939393939393939
80000;10;0.40460997525719494
80000;11;0.4416488983653163
80000;12;0.3810867165460567
80000;13;0.37307877041306436
80000;14;0.40854700854700854
80000;15;0.496722621902478
80000;16;0.34206759881096555
80000;17;0.37752126366950184
80000;18;0.3999227699832668
80000;19;0.3856274047412188
90000;0;0.4079981236073648
90000;1;0.3566010660106601
90000;2;0.42692354890170575
90000;3;0.3763115197404002
90000;4;0.41137519214851603
90000;5;0.37905861843538896
90000;6;0.3829810656098635
90000;7;0.4349293661707713
90000;8;0.3903287333108942
90000;9;0.40804597701149425
90000;10;0.44026828650974437
90000;11;0.3802601377199694
90000;12;0.39006615091377955
90000;13;0.4214926096438091
90000;14;0.4229787234042553
90000;15;0.36353187042842217
90000;16;0.4136741973840666
90000;17;0.39855653568564553
90000;18;0.3658254468980021
90000;19;0.42692354890170575
100000;0;0.3974766642732588
100000;1;0.42831877970597987
100000;2;0.41377469300587294
100000;3;0.4796385691298428
100000;4;0.45615067686874633
100000;5;0.4031838518364374
100000;6;0.3972729136764404
100000;7;0.49736875882428444
100000;8;0.3905856264489467
100000;9;0.43755645889792233
100000;10;0.46856106408706166
100000;11;0.4056317387208207
100000;12;0.4050804934141752
100000;13;0.4231273203756279
100000;14;0.4644612249790243
100000;15;0.4072945133487492
100000;16;0.36820600532117065
100000;17;0.5364806866952789
100000;18;0.41434987168520104
100000;19;0.47101008873222316
110000;0;0.35579133147266456
110000;1;0.4578755546165223
110000;2;0.4640027834278985
110000;3;0.43247355817202154
110000;4;0.4750383603682595
110000;5;0.4682132440315437
110000;6;0.49830420786387675
110000;7;0.4357343922790791
110000;8;0.45850523643287844
110000;9;0.4337286100270189
110000;10;0.4659481831864115
110000;11;0.44367386631180267
110000;12;0.597580311595202
110000;13;0.444720911143033
110000;14;0.49157876828853353
110000;15;0.512443840151336
110000;16;0.4593312844425604
110000;17;0.47514251260688445
110000;18;0.42960154623847757
110000;19;0.45289968652037615
120000;0;0.49562598218962806
120000;1;0.47631393475634315
120000;2;0.4605929315548632
120000;3;0.4361344150456347
120000;4;0.5389939614902586
120000;5;0.46672750591949486
120000;6;0.43742487286176607
120000;7;0.4744509076321332
120000;8;0.4467607894985362
120000;9;0.4240543205449982
120000;10;0.44109557109557107
120000;11;0.48495643259866733
120000;12;0.49598972530928914
120000;13;0.4462971698113208
120000;14;0.5135421189752497
120000;15;0.4734537630104083
120000;16;0.49614577871001575
120000;17;0.4209975972234582
120000;18;0.46672750591949486
120000;19;0.44039750512008935
130000;0;0.414875796698807
130000;1;0.41939947133652733
130000;2;0.516453056657512
130000;3;0.450270485987939
130000;4;0.37825001862474855
130000;5;0.5358009708737864
130000;6;0.457368705522025
130000;7;0.45043026969481903
130000;8;0.4702463647309438
130000;9;0.5136317653009611
130000;10;0.42547976200452525
130000;11;0.44284779764500654
130000;12;0.39946892210857593
130000;13;0.4864664175529367
130000;14;0.4091586751551293
130000;15;0.4518332295096556
130000;16;0.3717962800234329
130000;17;0.4031163159984121
130000;18;0.4045939915531118
130000;19;0.4185006594131223
140000;0;0.45220498659952896
140000;1;0.47822726101520224
140000;2;0.46586345381526106
140000;3;0.5013506212857914
140000;4;0.5329759739638174
140000;5;0.5131797235023041
140000;6;0.5595417545975279
140000;7;0.5347675758739916
140000;8;0.5423728813559322
140000;9;0.47050870373500087
140000;10;0.4616915422885572
140000;11;0.5585874799357945
140000;12;0.4054172127566623
140000;13;0.43213038416763677
140000;14;0.555079254311634
140000;15;0.5264252623617283
140000;16;0.4578194375925012
140000;17;0.52071448611241
140000;18;0.42679748581940824
140000;19;0.5010799136069114
150000;0;0.4717231682549602
150000;1;0.535229992023398
150000;2;0.5664571803770754
150000;3;0.49711886730325977
150000;4;0.547159554226692
150000;5;0.513389441469013
150000;6;0.4560144982254776
150000;7;0.5705243268776571
150000;8;0.5002070736353847
150000;9;0.5081622349377314
150000;10;0.5477054235443497
150000;11;0.44515701017249004
150000;12;0.5134330896106104
150000;13;0.5671487603305785
150000;14;0.5059483914209115
150000;15;0.5493495861002456
150000;16;0.5748143917761279
150000;17;0.520334309839738
150000;18;0.45242732993706924
150000;19;0.5142200272479565
160000;0;0.5237442735602095
160000;1;0.5628351648351648
160000;2;0.46800073099415207
160000;3;0.5451042997020008
160000;4;0.5276289764298665
160000;5;0.5153545842389117
160000;6;0.4671470266326158
160000;7;0.48790199664685263
160000;8;0.5943418121054586
160000;9;0.4874191092500952
160000;10;0.5659697666195191
160000;11;0.4961061604029446
160000;12;0.5449187164865095
160000;13;0.5238728418296376
160000;14;0.5129186027880147
160000;15;0.4443538312048862
160000;16;0.5296806486307604
160000;17;0.5658697189322963
160000;18;0.4422970639032815
160000;19;0.5604701041757857
170000;0;0.5634352902483144
170000;1;0.6016770568092019
170000;2;0.4580854335182833
170000;3;0.48862664004563605
170000;4;0.48175618672665915
170000;5;0.5437628947786066
170000;6;0.48981415296640457
170000;7;0.5228521287959713
170000;8;0.5850337232135234
170000;9;0.4845153079261826
170000;10;0.5151093738254529
170000;11;0.5065419869899468
170000;12;0.5933414148411118
170000;13;0.5527546987174317
170000;14;0.5305845915602013
170000;15;0.5535584457549075
170000;16;0.6105220955096222
170000;17;0.5196799635977551
170000;18;0.4780925137793902
170000;19;0.5159238066556242
180000;0;0.6135975401434917
180000;1;0.6233405639913232
180000;2;0.636992374534492
180000;3;0.6355272469922152
180000;4;0.6295127935506485
180000;5;0.5530833782431288
180000;6;0.496921906342948
180000;7;0.564380548354152
180000;8;0.5674565560821485
180000;9;0.6266027038813781
180000;10;0.6223146223146223
180000;11;0.6207552060831245
180000;12;0.5661150512214342
180000;13;0.663710273466371
180000;14;0.5109530583214794
180000;15;0.5125936496610775
180000;16;0.5262618123214416
180000;17;0.5353603100081973
180000;18;0.5441187608876771
180000;19;0.5544493324071931
190000;0;0.5320449754040759
190000;1;0.5763550548112059
190000;2;0.48779073513304555
190000;3;0.5218140464539252
190000;4;0.5729962915310679
190000;5;0.4999339672477549
190000;6;0.4487050317074616
190000;7;0.5342978122794636
190000;8;0.5093857229361501
190000;9;0.5476707175925926
190000;10;0.4788438428941876
190000;11;0.5987820310028472
190000;12;0.5836866856834477
190000;13;0.5522246535375638
190000;14;0.5434642164955854
190000;15;0.5295886961387801
190000;16;0.4846370503136602
190000;17;0.6102692245687571
190000;18;0.5044306749283763
190000;19;0.6399830938292477
200000;0;0.5924251408241921
200000;1;0.5008145363408522
200000;2;0.5295130838025837
200000;3;0.5771952628538417
200000;4;0.5607155384075763
200000;5;0.6282323351410831
200000;6;0.5443710413403255
200000;7;0.573262569031055
200000;8;0.5754085379022389
200000;9;0.5409447753113157
200000;10;0.5785321366531557
200000;11;0.5946730154006399
200000;12;0.5039722572509457
200000;13;0.5809710713766536
200000;14;0.5918110469420998
200000;15;0.5759060451041141
200000;16;0.596715192235909
200000;17;0.589497750571576
200000;18;0.5345058178413802
200000;19;0.6020185282819914
210000;0;0.6040825720558034
210000;1;0.5178322102834942
210000;2;0.6224642440163456
210000;3;0.5910649944567627
210000;4;0.5529787371969402
210000;5;0.6077408093473924
210000;6;0.5263961740203641
210000;7;0.5988661892726762
210000;8;0.5359207137023309
210000;9;0.521408924205379
210000;10;0.5448898115618014
210000;11;0.6130255120373698
210000;12;0.5729614454594304
210000;13;0.5860700790106492
210000;14;0.563797091870456
210000;15;0.5527637376879212
210000;16;0.6107431803536908
210000;17;0.5300925925925926
210000;18;0.5004546787914345
210000;19;0.5285161090458488
220000;0;0.5004043277006301
220000;1;0.4948298681961065
220000;2;0.532381037142518
220000;3;0.6137311901504788
220000;4;0.5780666151269166
220000;5;0.5910123830852325
220000;6;0.5423567456479691
220000;7;0.6178728825230685
220000;8;0.47367101303911735
220000;9;0.5944974491486119
220000;10;0.570930898447442
220000;11;0.6138991516146689
220000;12;0.4874375271621034
220000;13;0.5851920693928129
220000;14;0.5842775281630527
220000;15;0.5345695561513256
220000;16;0.5371617576628352
220000;17;0.5584583307400262
220000;18;0.551321044546851
220000;19;0.614277401245978
230000;0;0.580992480268473
230000;1;0.5949691338382231
230000;2;0.4924022964289477
230000;3;0.5491511983082706
230000;4;0.6003949649990367
230000;5;0.595196409244286
230000;6;0.6057243747570299
230000;7;0.5064877018095135
230000;8;0.6127515238906731
230000;9;0.5421765354056719
230000;10;0.6069828593689132
230000;11;0.6692497673419715
230000;12;0.6014765489287782
230000;13;0.5349173199061624
230000;14;0.5014347779446471
230000;15;0.6266758278589624
230000;16;0.5825855300056085
230000;17;0.5397038448216142
230000;18;0.6167128438551356
230000;19;0.5603086604734792
240000;0;0.627333376098531
240000;1;0.6284621810937601
240000;2;0.543094352196368
240000;3;0.6290685706934259
240000;4;0.6134040017562566
240000;5;0.6178607530957796
240000;6;0.5708990075890251
240000;7;0.5660743227598981
240000;8;0.5458224033041246
240000;9;0.4829621215862512
240000;10;0.5347203236918366
240000;11;0.5158780397742259
240000;12;0.5854936238998982
240000;13;0.6136349375666688
240000;14;0.5966383991214691
240000;15;0.6210783691096151
240000;16;0.5748589231130966
240000;17;0.5074987026466009
240000;18;0.5444246506708234
240000;19;0.6403968305939363
250000;0;0.5165330152768614
250000;1;0.5436855601260752
250000;2;0.6433154235145385
250000;3;0.538478835978836
250000;4;0.6415311396873424
250000;5;0.558146868487441
250000;6;0.5410552897395002
250000;7;0.5635555678609003
250000;8;0.6539808507903868
250000;9;0.6056805332381122
250000;10;0.636117882367648
250000;11;0.5943960985866137
250000;12;0.5184010798696006
250000;13;0.6074156968069233
250000;14;0.5604521174073462
250000;15;0.5604521174073462
250000;16;0.48194582563811145
250000;17;0.5491124419984893
250000;18;0.6505945151185833
250000;19;0.6108426865134146
260000;0;0.6072293324109305
260000;1;0.6620364550597109
260000;2;0.585817575083426
260000;3;0.5465442092154421
260000;4;0.539213678714037
260000;5;0.5299889302606421
260000;6;0.5397939834981808
260000;7;0.615317209954434
260000;8;0.6157488600491056
260000;9;0.6128825788432445
260000;10;0.6164335459706209
260000;11;0.5460908336789714
260000;12;0.5637142092587637
260000;13;0.5895885810243493
260000;14;0.621269316975345
260000;15;0.6158928780259618
260000;16;0.5697209000432714
260000;17;0.6414347481882955
260000;18;0.5425466158442361
260000;19;0.49943100995732576
270000;0;0.6273536460116399
270000;1;0.5024677817384151
270000;2;0.6091412742382272
270000;3;0.6829192546583851
270000;4;0.6564571019165323
270000;5;0.6760745249953883
270000;6;0.5187788996885911
270000;7;0.6704268292682927
270000;8;0.6547760838494521
270000;9;0.6345587810930917
270000;10;0.5866190044283199
270000;11;0.6594889635316699
270000;12;0.5125396233451427
270000;13;0.5668402330257256
270000;14;0.596581660336408
270000;15;0.4827026077794363
270000;16;0.5246707386905898
270000;17;0.6081305309734514
270000;18;0.6123983513423192
270000;19;0.5983673469387755
280000;0;0.6251085187194791
280000;1;0.547720357516402
280000;2;0.6282446286399825
280000;3;0.5092944608991645
280000;4;0.6314815829861873
280000;5;0.5628389271581415
280000;6;0.6386579078662897
280000;7;0.6776911764705882
280000;8;0.6208973322554567
280000;9;0.6564903983132943
280000;10;0.5509157421576129
280000;11;0.6045733627204031
280000;12;0.5496803282599361
280000;13;0.6323480981393051
280000;14;0.603338570306363
280000;15;0.5535628483567173
280000;16;0.5899303599774695
280000;17;0.5692913969461877
280000;18;0.6280391408634975
280000;19;0.6190290688302617
290000;0;0.4998540997957397
290000;1;0.6249543962057643
290000;2;0.5718714231209462
290000;3;0.6154596314735924
290000;4;0.639179104477612
290000;5;0.6236866742952252
290000;6;0.5761856710393541
290000;7;0.5568920676202861
290000;8;0.5539335704716589
290000;9;0.5069332882387757
290000;10;0.5082439706692663
290000;11;0.6157124518613607
290000;12;0.5301764159702879
290000;13;0.6141671788567916
290000;14;0.613695685551973
290000;15;0.47125171939477306
290000;16;0.6120980091883614
290000;17;0.5286104743431493
290000;18;0.5317280830118398
290000;19;0.6145134013221955
300000;0;0.5252543374562033
300000;1;0.5704281850272773
300000;2;0.5682139921454014
300000;3;0.5484528584652003
300000;4;0.6700096925313661
300000;5;0.6381224678188625
300000;6;0.6545715187542743
300000;7;0.6264285354679555
300000;8;0.6230409093185119
300000;9;0.6938852331028329
300000;10;0.6731996970188823
300000;11;0.643901366176775
300000;12;0.65577896068304
300000;13;0.5823349089717789
300000;14;0.5301329299987219
300000;15;0.5718701167386708
300000;16;0.6130339459033355
300000;17;0.5820897267964071
300000;18;0.5827985948477752
300000;19;0.6262708878598752
310000;0;0.535280997248395
310000;1;0.5410100286532952
310000;2;0.619684830348955
310000;3;0.6404893744387907
310000;4;0.6413852532720552
310000;5;0.6077176125337246
310000;6;0.6491026289180991
310000;7;0.5753898897553106
310000;8;0.6482832618025751
310000;9;0.639150238948626
310000;10;0.6508795498327081
310000;11;0.6269471165584257
310000;12;0.610665873959572
310000;13;0.5466534678758462
310000;14;0.6438618925831202
310000;15;0.6537962114268255
310000;16;0.6487090743734842
310000;17;0.55391733897062
310000;18;0.5683598937583001
310000;19;0.5531298466310529
320000;0;0.6084721199852778
320000;1;0.5377195478939665
320000;2;0.5576250105405177
320000;3;0.599426667875272
320000;4;0.6369557888653439
320000;5;0.6531879691821414
320000;6;0.574582935094274
320000;7;0.6132117025222552
320000;8;0.6578993185096752
320000;9;0.6117368177613322
320000;10;0.5523848306394353
320000;11;0.6166425773964939
320000;12;0.5667287997600378
320000;13;0.6290188338247884
320000;14;0.5586849997887889
320000;15;0.5486041977766717
320000;16;0.5576015009064463
320000;17;0.6228572101346896
320000;18;0.6140088207985144
320000;19;0.5087218247557505
330000;0;0.5724441364247311
330000;1;0.5988553475700853
330000;2;0.5864602607685356
330000;3;0.5739145997389143
330000;4;0.6389474917955931
330000;5;0.6482472412480974
330000;6;0.6327181987000928
330000;7;0.6048351306971996
330000;8;0.5803419349344234
330000;9;0.6522805590121566
330000;10;0.5668961357680629
330000;11;0.6290676205861989
330000;12;0.5477353106663452
330000;13;0.6507544286873895
330000;14;0.5366494723578517
330000;15;0.5932507726461498
330000;16;0.5461768124073257
330000;17;0.6256311972089607
330000;18;0.6433814851531888
330000;19;0.5349852796859667
340000;0;0.5652304609218437
340000;1;0.59045804722827
340000;2;0.6289862182775077
340000;3;0.6094425237683665
340000;4;0.5732490549164668
340000;5;0.6440379960725213
340000;6;0.5643031491336882
340000;7;0.6336778252078185
340000;8;0.5523028119370251
340000;9;0.6213102475989074
340000;10;0.6218856109714689
340000;11;0.584971793595487
340000;12;0.6453347366494303
340000;13;0.588094245204337
340000;14;0.49707447745937755
340000;15;0.5605795603609334
340000;16;0.535890712874297
340000;17;0.6392212854682259
340000;18;0.6168263132572278
340000;19;0.6175285720541227
350000;0;0.6433094226000708
350000;1;0.5602753461108326
350000;2;0.5284628255492507
350000;3;0.6021676959423053
350000;4;0.5347258005152742
350000;5;0.5312454292818488
350000;6;0.6212477550671341
350000;7;0.6594571285915302
350000;8;0.6344323144104803
350000;9;0.6289666219316854
350000;10;0.6831475995674049
350000;11;0.6364890913870148
350000;12;0.6054550758459744
350000;13;0.5563277809687919
350000;14;0.5514080765143464
350000;15;0.6107491172019506
350000;16;0.5613360636735956
350000;17;0.7038319930239317
350000;18;0.5503219696969697
350000;19;0.6216730851519041
360000;0;0.6334914288144966
360000;1;0.6402730008598452
360000;2;0.6267992424242425
360000;3;0.6510207204056653
360000;4;0.644400934619878
360000;5;0.6150470802015363
360000;6;0.6471450919045757
360000;7;0.6306211890243902
360000;8;0.6572553952072024
360000;9;0.6357630736392743
360000;10;0.6442336808409396
360000;11;0.6470888550945035
360000;12;0.6454062838569881
360000;13;0.6585050406791652
360000;14;0.6094095261478026
360000;15;0.5582617985530607
360000;16;0.5432138167493434
360000;17;0.5535926696899859
360000;18;0.6434265099801262
360000;19;0.6357359344318279
370000;0;0.6444649756425331
370000;1;0.636922055283473
370000;2;0.5940463747919328
370000;3;0.6451965524490225
370000;4;0.6576387400899936
370000;5;0.6446544843520269
370000;6;0.6342370639775169
370000;7;0.559378872931399
370000;8;0.6546928327645051
370000;9;0.5806720145300439
370000;10;0.6294245519051721
370000;11;0.6044111855061047
370000;12;0.6573570357678303
370000;13;0.5329212390609807
370000;14;0.6253973428967315
370000;15;0.630148236356917
370000;16;0.5657928695203333
370000;17;0.6022526588438444
370000;18;0.5863742310190669
370000;19;0.6439781787662611
380000;0;0.578722148443264
380000;1;0.6272941740973249
380000;2;0.6245968865708484
380000;3;0.6358625162127107
380000;4;0.5382926159758441
380000;5;0.6531495899079895
380000;6;0.5837178151510641
380000;7;0.5467726195455179
380000;8;0.5179951132536486
380000;9;0.6205941690731437
380000;10;0.6337049604136371
380000;11;0.6305719683267013
380000;12;0.5779759053899717
380000;13;0.631307847082495
380000;14;0.6247212488053521
380000;15;0.6272440126344409
380000;16;0.6560722649715623
380000;17;0.6365074856980566
380000;18;0.5914420358152687
380000;19;0.6136274739888915
390000;0;0.569746091700766
390000;1;0.5622346850733391
390000;2;0.6363822805578343
390000;3;0.6382272282076396
390000;4;0.6049968433171167
390000;5;0.6533286545017044
390000;6;0.5529035433070866
390000;7;0.6015342293774463
390000;8;0.6330684335289317
390000;9;0.600447827208728
390000;10;0.6344738276990185
390000;11;0.5901162790697675
390000;12;0.6604268861231605
390000;13;0.6766947744454598
390000;14;0.6595445344129555
390000;15;0.734280627422699
390000;16;0.6673801720606309
390000;17;0.6293266630611141
390000;18;0.6628183741557491
390000;19;0.6769197207678883
400000;0;0.6485799438990182
400000;1;0.6568196165075357
400000;2;0.6259729272419627
400000;3;0.6414082065112695
400000;4;0.6163322350153642
400000;5;0.5715376956879978
400000;6;0.6536475715575798
400000;7;0.5588368580060423
400000;8;0.64244780612048
400000;9;0.5119391740213414
400000;10;0.6463890506697728
400000;11;0.609495130702204
400000;12;0.5578443856180679
400000;13;0.6508620689655172
400000;14;0.6475959855292333
400000;15;0.5949024442538593
400000;16;0.6599964319695528
400000;17;0.5524573571381164
400000;18;0.5682795698924731
400000;19;0.5917937506665245
410000;0;0.6689915835411472
410000;1;0.6255556365226262
410000;2;0.6217273221075502
410000;3;0.6108877423945918
410000;4;0.6130472041705349
410000;5;0.5905073086844368
410000;6;0.5707399773951201
410000;7;0.6660330514392118
410000;8;0.6087434406467168
410000;9;0.6584467881112176
410000;10;0.6675609471596874
410000;11;0.5319267589924714
410000;12;0.5820789259560618
410000;13;0.6610835162296408
410000;14;0.6673274253731343
410000;15;0.6426726558113419
410000;16;0.5924839533439161
410000;17;0.5547155180769604
410000;18;0.5851339377002249
410000;19;0.6764508884598716
420000;0;0.6958199908508692
420000;1;0.6140331696158245
420000;2;0.6172934492204674
420000;3;0.6448595654478008
420000;4;0.7069503079127775
420000;5;0.6821417893714029
420000;6;0.6848804922892199
420000;7;0.5624884437596303
420000;8;0.5724916099488756
420000;9;0.6579938716654651
420000;10;0.6440177122292005
420000;11;0.5885136224407544
420000;12;0.6935462421156623
420000;13;0.6819888656404125
420000;14;0.5720251339747406
420000;15;0.6815305055634381
420000;16;0.5748897637795276
420000;17;0.6837516388836861
420000;18;0.5668379863979379
420000;19;0.6968826359193647
430000;0;0.7073653743620991
430000;1;0.6941475446595411
430000;2;0.5555256467773292
430000;3;0.6501907795708335
430000;4;0.6612552956673431
430000;5;0.668706797235023
430000;6;0.6770430852227164
430000;7;0.6549134374669441
430000;8;0.5946724723058205
430000;9;0.6727029082612003
430000;10;0.6352908985189999
430000;11;0.7177802681918306
430000;12;0.6978509167418094
430000;13;0.5814186439616853
430000;14;0.686476697342647
430000;15;0.64708751393534
430000;16;0.6546595234738475
430000;17;0.6476741753260339
430000;18;0.7140276015838235
430000;19;0.5889776763064434
440000;0;0.6666248656395557
440000;1;0.630459828538511
440000;2;0.5872206792071708
440000;3;0.618842507899551
440000;4;0.572283227215404
440000;5;0.5728294334975369
440000;6;0.6803488499652612
440000;7;0.6586483998867176
440000;8;0.6906016851638767
440000;9;0.6313798018189222
440000;10;0.6633213305287176
440000;11;0.6579729108462709
440000;12;0.5913829821048282
440000;13;0.7116546817625459
440000;14;0.6641737764609289
440000;15;0.700666566242374
440000;16;0.6922976744186047
440000;17;0.6399360253147142
440000;18;0.6710246330291774
440000;19;0.6712425138898911
450000;0;0.6858407877651133
450000;1;0.6755338046683483
450000;2;0.6162253694581281
450000;3;0.6236429531962348
450000;4;0.6537701141521112
450000;5;0.6555733691904565
450000;6;0.5967876086751829
450000;7;0.6630025454165068
450000;8;0.6956517762411737
450000;9;0.6631875414181577
450000;10;0.5567862371888727
450000;11;0.6820276910936547
450000;12;0.6568642691816078
450000;13;0.6110173848774061
450000;14;0.6682687238604014
450000;15;0.6772903754363468
450000;16;0.6340831026778271
450000;17;0.5564766308642337
450000;18;0.6252836331349272
450000;19;0.6792744355530151
460000;0;0.6805560427995089
460000;1;0.555804658625333
460000;2;0.6597262370345179
460000;3;0.6717424426053533
460000;4;0.6585169218235514
460000;5;0.6876240606833971
460000;6;0.659658936343852
460000;7;0.6103848090113901
460000;8;0.610711474893751
460000;9;0.6003357677786718
460000;10;0.616299202592369
460000;11;0.6820155393053017
460000;12;0.6781531846465776
460000;13;0.6413187212800423
460000;14;0.6688704616763783
460000;15;0.7158923167761458
460000;16;0.7484856084574427
460000;17;0.782827569508898
460000;18;0.6750382768459879
460000;19;0.7651055018733978
470000;0;0.7644227095591044
470000;1;0.7672367512846077
470000;2;0.7709320695102686
470000;3;0.7639848791477338
470000;4;0.5875719487842124
470000;5;0.6761286834279535
470000;6;0.7771002446887016
470000;7;0.6665556184828597
470000;8;0.7071963806022904
470000;9;0.675238770206878
470000;10;0.6026324508297943
470000;11;0.6259541984732825
470000;12;0.7159521935160666
470000;13;0.6887909666758468
470000;14;0.5740188202891898
470000;15;0.5874684361970756
470000;16;0.5887129994703701
470000;17;0.5561640027797081
470000;18;0.6736473519410121
470000;19;0.6027595348556968
480000;0;0.5772475500639114
480000;1;0.6141246864706416
480000;2;0.6756208650553542
480000;3;0.6148493283311146
480000;4;0.6639657594667886
480000;5;0.6177838577291381
480000;6;0.6578615130620569
480000;7;0.6600838016045734
480000;8;0.6815575007546031
480000;9;0.6150167962957359
480000;10;0.6767232767232767
480000;11;0.6726021049844443
480000;12;0.7102366057386502
480000;13;0.5818254695373339
480000;14;0.7654813921952689
480000;15;0.6204054219074369
480000;16;0.5943843229014332
480000;17;0.7082810539523212
480000;18;0.6239484187902978
480000;19;0.7293019917459178
490000;0;0.7306121366433269
490000;1;0.7450773558368495
490000;2;0.6659870414544516
490000;3;0.5733702439430522
490000;4;0.7460189932837438
490000;5;0.7128894793140333
490000;6;0.6200369136580535
490000;7;0.5779252566505357
490000;8;0.6725779673155804
490000;9;0.6704825728564938
490000;10;0.6494891543539767
490000;11;0.6933435129874488
490000;12;0.6707437828712421
490000;13;0.6924140357932838
490000;14;0.6972041305301522
490000;15;0.6599453778828339
490000;16;0.652154356060606
490000;17;0.5691528925619834
490000;18;0.6627397831526272
490000;19;0.6186074016408168
500000;0;0.6850087639574136
500000;1;0.6623485656895362
500000;2;0.5983823862991947
500000;3;0.6683266301421921
500000;4;0.655905205905206
500000;5;0.6534073317233265
500000;6;0.6164018459561293
500000;7;0.6358274833539213
500000;8;0.6141774104362504
500000;9;0.6802833473019148
500000;10;0.6113839156382177
500000;11;0.5869163167116278
500000;12;0.6038614512990729
500000;13;0.6653346574608279
500000;14;0.6624109356853637
500000;15;0.6481893850973647
500000;16;0.5797892799252726
500000;17;0.5848506263163729
500000;18;0.6759256293639101
500000;19;0.5818674349995864
510000;0;0.6736052442191558
510000;1;0.6827054197190245
510000;2;0.6736474011953563
510000;3;0.6290065741417092
510000;4;0.6651347092628066
510000;5;0.6759954154367895
510000;6;0.6104046160825678
510000;7;0.6501887647236484
510000;8;0.6832687974100994
510000;9;0.6559138965905975
510000;10;0.653207209394059
510000;11;0.6270279323100224
510000;12;0.6445820108988563
510000;13;0.6596320014707685
510000;14;0.654637372662308
510000;15;0.5805757820927724
510000;16;0.5545244964195559
510000;17;0.6652991532233141
510000;18;0.6584013823898217
510000;19;0.6753380180067133
520000;0;0.6313353741300142
520000;1;0.5816946942685328
520000;2;0.634560680386636
520000;3;0.6644352926873747
520000;4;0.5582403411557417
520000;5;0.6953766142884408
520000;6;0.6535696134413584
520000;7;0.6462662961539598
520000;8;0.6669285213093749
520000;9;0.658649935223404
520000;10;0.6153072138253258
520000;11;0.6557850371970242
520000;12;0.6892814352377349
520000;13;0.5785542264330704
520000;14;0.6228808730090891
520000;15;0.6878716843396998
520000;16;0.67858362304445
520000;17;0.6869638311912768
520000;18;0.6775530760886409
520000;19;0.6646575050925785
530000;0;0.6352296688892688
530000;1;0.6640874020673836
530000;2;0.6200525686312686
530000;3;0.6779621069278025
530000;4;0.6529803749267721
530000;5;0.6467665660902866
530000;6;0.7156351320984881
530000;7;0.591884823704333
530000;8;0.7140534913516976
530000;9;0.6759475439660401
530000;10;0.6614078029965881
530000;11;0.6444854004047412
530000;12;0.6366446767192141
530000;13;0.6671479874307945
530000;14;0.6698140135809146
530000;15;0.6712257617728532
530000;16;0.6926871329583942
530000;17;0.7184025651767587
530000;18;0.6864165409366628
530000;19;0.6219901788454564
540000;0;0.6826863696515219
540000;1;0.5776250311022643
540000;2;0.6671480300025864
540000;3;0.6736528249325324
540000;4;0.6221458433831806
540000;5;0.692440195669033
540000;6;0.6651981432132726
540000;7;0.6599974412918633
540000;8;0.6914296351451973
540000;9;0.6757116660845267
540000;10;0.5879384576421426
540000;11;0.6019017864087739
540000;12;0.6391374373657838
540000;13;0.644764616025552
540000;14;0.6683773356750065
540000;15;0.6693408874664821
540000;16;0.6861570064729702
540000;17;0.6750436173306193
540000;18;0.6250774118850804
540000;19;0.672092585622883
550000;0;0.7143950561288128
550000;1;0.7117921197570964
550000;2;0.7335254395156595
550000;3;0.7302309408594361
550000;4;0.7320764582849175
550000;5;0.7373888108614233
550000;6;0.7329281060958586
550000;7;0.7010208907062784
550000;8;0.738382654556109
550000;9;0.7786257183464129
550000;10;0.7567867867867868
550000;11;0.6850517845978199
550000;12;0.7003779667611584
550000;13;0.6276399681211396
550000;14;0.7413148992498897
550000;15;0.7385557704706641
550000;16;0.6834540178450357
550000;17;0.7399001761597181
550000;18;0.7359890190122952
550000;19;0.7336749250342077
560000;0;0.5856794475564999
560000;1;0.6517410930195067
560000;2;0.7072690692792163
560000;3;0.642896899019348
560000;4;0.707846970934983
560000;5;0.6767807817862225
560000;6;0.593024961494267
560000;7;0.6816687275179856
560000;8;0.7094825821170552
560000;9;0.6880300666572118
560000;10;0.6984709744298548
560000;11;0.6942528406651592
560000;12;0.6944913677097947
560000;13;0.6741662034463591
560000;14;0.6824742558100275
560000;15;0.6826663289429247
560000;16;0.6797203385080984
560000;17;0.6020625977313907
560000;18;0.6845543827961844
560000;19;0.7025778421433744
570000;0;0.6342481062957904
570000;1;0.7118804705357641
570000;2;0.6151807867415027
570000;3;0.73300803673938
570000;4;0.7095662804590036
570000;5;0.7254701437418328
570000;6;0.7462233001198024
570000;7;0.7163936265709157
570000;8;0.6325201238390092
570000;9;0.7121583937534858
570000;10;0.7282422721569523
570000;11;0.692743794927438
570000;12;0.7067972987933134
570000;13;0.700035634988076
570000;14;0.6946847287960394
570000;15;0.723681600498739
570000;16;0.730805551581056
570000;17;0.7129138518229021
570000;18;0.7602179025392195
570000;19;0.7714708636679455
580000;0;0.7432943347920574
580000;1;0.7009938794991296
580000;2;0.7234585071859063
580000;3;0.644618284150466
580000;4;0.7012892172007977
580000;5;0.6262352646099825
580000;6;0.7202653973748738
580000;7;0.6839423656385252
580000;8;0.6933629547347959
580000;9;0.6805865997928365
580000;10;0.7021569785427036
580000;11;0.6955649654557611
580000;12;0.6759617727481929
580000;13;0.639680262348842
580000;14;0.5943488300126163
580000;15;0.6957006325057817
580000;16;0.6399261860214778
580000;17;0.692382352125565
580000;18;0.7267435091395972
580000;19;0.6799749448514393
590000;0;0.7263545724481735
590000;1;0.7146925592366249
590000;2;0.7126867666319194
590000;3;0.7149416811905082
590000;4;0.6946760284500951
590000;5;0.6432595112301271
590000;6;0.7067551090730776
590000;7;0.7212656892447522
590000;8;0.575170412873722
590000;9;0.8069165355283864
590000;10;0.7987702585303017
590000;11;0.6729871277132762
590000;12;0.7392838328666094
590000;13;0.7692058042926379
590000;14;0.7484141241193477
590000;15;0.7575574622837173
590000;16;0.6482010453385195
590000;17;0.6954732778632724
590000;18;0.6799201856385149
590000;19;0.7179060876120729
600000;0;0.6966984186950186
600000;1;0.6954223455260464
600000;2;0.6820301149121648
600000;3;0.7070393799978092
600000;4;0.5833709921594324
600000;5;0.6932562698029107
600000;6;0.6591837516276458
600000;7;0.6875332871751172
600000;8;0.6956846841991808
600000;9;0.6974889237086666
600000;10;0.6065605544461412
600000;11;0.6096255106136809
600000;12;0.6271588894017053
600000;13;0.70198346882732
600000;14;0.7303400186699103
600000;15;0.6333901673126932
600000;16;0.7131325267926196
600000;17;0.7313951841359774
600000;18;0.693014360488525
600000;19;0.6872953547184879
610000;0;0.6169040627095521
610000;1;0.6682509267608456
610000;2;0.6646880761373263
610000;3;0.7040494537393782
610000;4;0.6139370857879234
610000;5;0.7883473198983512
610000;6;0.7920216713670774
610000;7;0.623652960564763
610000;8;0.7404115671745345
610000;9;0.7422448809258847
610000;10;0.7047375650474152
610000;11;0.690814344899016
610000;12;0.6333052436679564
610000;13;0.6868483381819118
610000;14;0.6829276096861722
610000;15;0.7177436711414813
610000;16;0.7000223026868178
610000;17;0.7031031756489656
610000;18;0.760049284941029
610000;19;0.7207101950402507
620000;0;0.7507008887269058
620000;1;0.7071449321290868
620000;2;0.5882672788786854
620000;3;0.6910664051410432
620000;4;0.7062682984728194
620000;5;0.6974020054694622
620000;6;0.6985299872172801
620000;7;0.6937521050858875
620000;8;0.6820364238410596
620000;9;0.6451762523191095
620000;10;0.6589902296163217
620000;11;0.7054310026871806
620000;12;0.670709866492999
620000;13;0.6802517592663161
620000;14;0.6703572501502103
620000;15;0.6868298876519776
620000;16;0.6539208264139885
620000;17;0.6801308102616205
620000;18;0.6467501569972465
620000;19;0.6960604642699316
630000;0;0.6714784185168629
630000;1;0.5963464125807804
630000;2;0.6217289827078735
630000;3;0.6419676140275898
630000;4;0.6828921779102367
630000;5;0.6418761721624766
630000;6;0.6838075366717248
630000;7;0.6326543744296511
630000;8;0.6296488204746047
630000;9;0.6874062492055018
630000;10;0.6817901001084298
630000;11;0.7018052743601724
630000;12;0.6461868457530711
630000;13;0.6547463373289745
630000;14;0.7422651402844123
630000;15;0.7243871399866042
630000;16;0.6749819007913723
630000;17;0.6834963850548562
630000;18;0.6961315653964985
630000;19;0.7523652502991346
640000;0;0.6738204776820673
640000;1;0.6886160156054619
640000;2;0.6842523794140305
640000;3;0.6880997600959616
640000;4;0.6800276604677583
640000;5;0.6734084961725647
640000;6;0.6754900277212178
640000;7;0.662297053517739
640000;8;0.6607712797869022
640000;9;0.6029650067884202
640000;10;0.608615887891782
640000;11;0.7003688159735469
640000;12;0.6939438997958618
640000;13;0.6368535479692848
640000;14;0.624192414934373
640000;15;0.6075147824552114
640000;16;0.6616604589691217
640000;17;0.6896335812858466
640000;18;0.6813738833485932
640000;19;0.6011221237392481
650000;0;0.6745651488319061
650000;1;0.6795769484566317
650000;2;0.6872018881447248
650000;3;0.690975846130908
650000;4;0.7001800417999143
650000;5;0.6715836634141629
650000;6;0.6642995365282622
650000;7;0.698193391251946
650000;8;0.6736826165960024
650000;9;0.6840237632530565
650000;10;0.6978254322784652
650000;11;0.685288101340694
650000;12;0.6864723744630425
650000;13;0.6860150988083784
650000;14;0.6991413557276476
650000;15;0.5701156377503946
650000;16;0.5904414575105109
650000;17;0.6748107071785663
650000;18;0.6243544548230645
650000;19;0.6749089805825242
660000;0;0.7044842546188944
660000;1;0.6759347862491328
660000;2;0.7003284173999257
660000;3;0.5978322965596039
660000;4;0.7081390977443609
660000;5;0.6537878612583011
660000;6;0.6827292497281624
660000;7;0.6909772321537747
660000;8;0.6775719424460431
660000;9;0.6938618894427937
660000;10;0.6975275878243267
660000;11;0.6519173530836851
660000;12;0.6745792049659782
660000;13;0.6933000441674437
660000;14;0.672507973532632
660000;15;0.6863946652414731
660000;16;0.6833236595806428
660000;17;0.6923486890468022
660000;18;0.6946465888137676
660000;19;0.6953988334030666
670000;0;0.7055453431372549
670000;1;0.6788729571020918
670000;2;0.6033461885099872
670000;3;0.6891443824663044
670000;4;0.6442038715452613
670000;5;0.6835640672492401
670000;6;0.6711646071345302
670000;7;0.6961271522538208
670000;8;0.7138030648680818
670000;9;0.6895736016289375
670000;10;0.6962281720118029
670000;11;0.6300063468440865
670000;12;0.7047680254621128
670000;13;0.7017271220320803
670000;14;0.6639354660147151
670000;15;0.6815572023865897
670000;16;0.6853542688443407
670000;17;0.7037342623151204
670000;18;0.6548282529572339
670000;19;0.6049819259383801
680000;0;0.6433799251595862
680000;1;0.6876705721814418
680000;2;0.5970168307528902
680000;3;0.7042902580660707
680000;4;0.7403619645887687
680000;5;0.5325841365864324
680000;6;0.707341125792556
680000;7;0.6974503674716045
680000;8;0.6919521318150612
680000;9;0.6847225150514208
680000;10;0.6858793851930072
680000;11;0.6942036386091582
680000;12;0.6367919389978214
680000;13;0.7062814131065146
680000;14;0.6848669103519378
680000;15;0.6641388320836173
680000;16;0.7093323787797894
680000;17;0.6775481582790515
680000;18;0.6943355663245914
680000;19;0.7396687417754834
690000;0;0.663336166215642
690000;1;0.7154513218834427
690000;2;0.6763911060433295
690000;3;0.7262604373270648
690000;4;0.7321768002172356
690000;5;0.687921836947698
690000;6;0.7378965045403657
690000;7;0.6863617429940064
690000;8;0.7096822434378963
690000;9;0.7321045096635648
690000;10;0.6907736916878217
690000;11;0.7292424763965382
690000;12;0.6993409728608144
690000;13;0.7023550166946885
690000;14;0.638709434287314
690000;15;0.6461959955554587
690000;16;0.6948518214829565
690000;17;0.6956014446867891
690000;18;0.6125516315572078
690000;19;0.7068914152247485
700000;0;0.7031911905820676
700000;1;0.6830794589064454
700000;2;0.6820869940293763
700000;3;0.7641796169595849
700000;4;0.7002248997855878
700000;5;0.661760495132373
700000;6;0.7008292318816916
700000;7;0.6714622536092612
700000;8;0.6900133201662724
700000;9;0.6850730784139362
700000;10;0.6785746550127606
700000;11;0.6875815273359728
700000;12;0.6839346687912589
700000;13;0.6905842737950215
700000;14;0.6963784911345463
700000;15;0.6265823444766533
700000;16;0.6878806264023078
700000;17;0.6401186697062019
700000;18;0.5995500169616667
700000;19;0.7062491185181703
710000;0;0.6941509905488913
710000;1;0.6512853580031122
710000;2;0.6912613122171946
710000;3;0.7010313417767988
710000;4;0.7019977483687161
710000;5;0.6995546753365692
710000;6;0.707246360037962
710000;7;0.6217314775247746
710000;8;0.7069354465525219
710000;9;0.6927345485874937
710000;10;0.6950826944513957
710000;11;0.639815512836621
710000;12;0.668119000240537
710000;13;0.6976538417627584
710000;14;0.5984360310247572
710000;15;0.6967152369225156
710000;16;0.6973035579797795
710000;17;0.6980204240153522
710000;18;0.6984991541310411
710000;19;0.6901059312463297
720000;0;0.6973227370082291
720000;1;0.7057880565000114
720000;2;0.6909051310116827
720000;3;0.6789540116342883
720000;4;0.7117814240346113
720000;5;0.6597924399505098
720000;6;0.6642416888583456
720000;7;0.6996256418376349
720000;8;0.6934921524663678
720000;9;0.7175776628076932
720000;10;0.7261016033993004
720000;11;0.6744090968557848
720000;12;0.7054339149275858
720000;13;0.6884752365052866
720000;14;0.6907662587100232
720000;15;0.6929173107511706
720000;16;0.6467817486041697
720000;17;0.6814521459416586
720000;18;0.6872819589805124
720000;19;0.5900597123125644
730000;0;0.6109365576545204
730000;1;0.6919191362785061
730000;2;0.6921021312234148
730000;3;0.5934340571083017
730000;4;0.6842303083124524
730000;5;0.701988420440828
730000;6;0.618468734613491
730000;7;0.7034035928680226
730000;8;0.6922241816378265
730000;9;0.6887625293356436
730000;10;0.6925753164836135
730000;11;0.6943824075712012
730000;12;0.6748345295912666
730000;13;0.701063782287411
730000;14;0.6689406526925699
730000;15;0.6621560358460727
730000;16;0.6953972718012312
730000;17;0.6970024859058019
730000;18;0.6962298244058177
730000;19;0.7039712607604017
740000;0;1.2839057768237052
740000;1;1.4667827191311393
740000;2;1.2908581118840692
740000;3;1.4556270236206783
740000;4;1.4059207488561474
740000;5;1.4202586663839711
740000;6;1.4767421353144772
740000;7;1.3441927198298351
740000;8;1.4636419254047677
740000;9;1.4950675147862962
740000;10;1.5324861018965479
740000;11;1.51687008899255
740000;12;1.4556586553087922
740000;13;1.4796452553454673
740000;14;1.4590829884556742
740000;15;1.3827329961812365
740000;16;1.4780781112091792
740000;17;1.4623319070904646
740000;18;1.5532020960860693
740000;19;1.4701305826840776
750000;0;0.6980184082295614
750000;1;0.6893299399020467
750000;2;0.6441047162270184
750000;3;0.7045951381601959
750000;4;0.6423845019332722
750000;5;0.7006739130434783
750000;6;0.7145612557087749
750000;7;0.7016959484466505
750000;8;0.7072544544895989
750000;9;0.7013447645574027
750000;10;0.606895382993146
750000;11;0.683671304938062
750000;12;0.6976255925196424
750000;13;0.6265137525512684
750000;14;0.6883435844865881
750000;15;0.6242325644452191
750000;16;0.6851536924450491
750000;17;0.6881819152343333
750000;18;0.6966756008991872
750000;19;0.7025065387968614
760000;0;1.244851269420235
760000;1;1.3795668332423465
760000;2;1.3872566614585533
760000;3;1.398417546398774
760000;4;1.2887285958064454
760000;5;1.3091687090282345
760000;6;1.3814522402809024
760000;7;1.4111522766323024
760000;8;1.3840713277579997
760000;9;1.5187991215903838
760000;10;1.4033458638586898
760000;11;1.3869638182892847
760000;12;1.4393141142193695
760000;13;1.406951968992912
760000;14;1.4116070469438178
760000;15;1.406108887795065
760000;16;1.3989534982753482
760000;17;1.3663980451284183
760000;18;1.4273385905457074
760000;19;1.41993538208852
770000;0;0.6270140207857615
770000;1;0.5707091799075406
770000;2;0.6562562819682384
770000;3;0.6436763352758182
770000;4;0.6263189870179702
770000;5;0.6137844951847751
770000;6;0.6358614495639189
770000;7;0.6856447773732848
770000;8;0.7140904119577105
770000;9;0.6484209480932204
770000;10;0.623236747767431
770000;11;0.5646548410654572
770000;12;0.6349270664505673
770000;13;0.6274559005680604
770000;14;0.639417845484222
770000;15;0.6174996322061327
770000;16;0.5788724485775081
770000;17;0.6170457409274194
770000;18;0.6052498764007911
770000;19;0.6188392518640212
780000;0;0.8947009872765003
780000;1;0.9016942349536303
780000;2;0.896806387225549
780000;3;0.7615661855228647
780000;4;0.8114579570730595
780000;5;0.8988649286105378
780000;6;0.8787676027340855
780000;7;0.8915054931283679
780000;8;0.9596110611510792
780000;9;0.9677042713339984
780000;10;0.8901111505015328
780000;11;0.8847238055757073
780000;12;0.8759542768018388
780000;13;0.7714071423407793
780000;14;0.966958905350913
780000;15;0.8880185578163359
780000;16;0.8937455504836886
780000;17;0.9320762545311613
780000;18;0.9430525176200261
780000;19;0.9462721972199437
790000;0;0.7241249731586858
790000;1;0.6906102805652263
790000;2;0.6855141991746794
790000;3;0.7042834468067333
790000;4;0.5899770814744835
790000;5;0.6499595250944414
790000;6;0.6401871820183765
790000;7;0.6581412595874236
790000;8;0.6815517694375391
790000;9;0.715779084329166
790000;10;0.6436942869686385
790000;11;0.6973942715334506
790000;12;0.7055654357150329
790000;13;0.7046219101945298
790000;14;0.6982751480515178
790000;15;0.6975096696796078
790000;16;0.6933649971214738
790000;17;0.6948365029979602
790000;18;0.6750440387541036
790000;19;0.6932224643341693
800000;0;0.6454021692137071
800000;1;0.6905343711033345
800000;2;0.6821789751842801
800000;3;0.7133159513026135
800000;4;0.5911121632090901
800000;5;0.6217472792133713
800000;6;0.5894175307285586
800000;7;0.5337533228659816
800000;8;0.609171797100935
800000;9;0.6090313253866894
800000;10;0.49676992302795303
800000;11;0.6979600756205151
800000;12;0.7009666816381528
800000;13;0.6943607425982851
800000;14;0.6932671727981262
800000;15;0.6998807533939418
800000;16;0.6807182933840877
800000;17;0.593985710331465
800000;18;0.6964734877682665
800000;19;0.6937013839781796
810000;0;0.6254050811952805
810000;1;0.5978324119871982
810000;2;0.7054294484722419
810000;3;0.6586854858479003
810000;4;0.7069427860193075
810000;5;0.6974154454338538
810000;6;0.7507791342475175
810000;7;0.633147543955048
810000;8;0.6920406141654284
810000;9;0.7535161895722329
810000;10;0.6657280350676578
810000;11;0.6993003143080219
810000;12;0.6907268988155267
810000;13;0.7057002303123359
810000;14;0.7279211036322337
810000;15;0.748799545542241
810000;16;0.7248397003589881
810000;17;0.6640322028743061
810000;18;0.5944647719537101
810000;19;0.7093690345639901
820000;0;0.5866118638466623
820000;1;0.700660166965995
820000;2;0.6988258336285973
820000;3;0.7001903240439422
820000;4;0.6882184743627023
820000;5;0.6104047385705198
820000;6;0.7030606384664132
820000;7;0.7075444435586735
820000;8;0.696276574880364
820000;9;0.6950497278671836
820000;10;0.7003146328954117
820000;11;0.6554854969442957
820000;12;0.704609506797658
820000;13;0.6654997563078768
820000;14;0.7195182505421455
820000;15;0.6535788582264033
820000;16;0.7318439497010926
820000;17;0.7096659736936793
820000;18;0.7130297248443462
820000;19;0.6425539809234222
830000;0;0.7131279667721518
830000;1;0.716856870191065
830000;2;0.7049849444705146
830000;3;0.6954527919760826
830000;4;0.7047506890013878
830000;5;0.6939937252184625
830000;6;0.7142581220285261
830000;7;0.7003972493638183
830000;8;0.566816273914889
830000;9;0.7024850952733508
830000;10;0.6986194535942647
830000;11;0.6446469757379628
830000;12;0.6876668828196522
830000;13;0.6278754897692642
830000;14;0.710920401443303
830000;15;0.6909482015215683
830000;16;0.6579516423357664
830000;17;0.6924476666026502
830000;18;0.70624155289601
830000;19;0.6809138465024929
840000;0;0.6273210329209231
840000;1;0.6224029258423469
840000;2;0.6160748671339444
840000;3;0.6095488492607835
840000;4;0.611027291304597
840000;5;0.6114243124964167
840000;6;0.5317267741399369
840000;7;0.5353390000669299
840000;8;0.5886119032287738
840000;9;0.6155533323072188
840000;10;0.5863895456461575
840000;11;0.5659950112335698
840000;12;0.5781456115939934
840000;13;0.6219310693388799
840000;14;0.6069700821460416
840000;15;0.627210350911586
840000;16;0.6257138386920128
840000;17;0.6316184309235203
840000;18;0.6585024492652204
840000;19;0.6148908364083641
850000;0;0.6220125627718714
850000;1;0.715615519873244
850000;2;0.6965703054468854
850000;3;0.7040386662611209
850000;4;0.71477303431505
850000;5;0.6942070141895819
850000;6;0.60827201655553
850000;7;0.7005230006809412
850000;8;0.6079325344714379
850000;9;0.6624201827970452
850000;10;0.6879400018575277
850000;11;0.574813751358063
850000;12;0.6807950367647059
850000;13;0.6824761360704676
850000;14;0.7072519812852096
850000;15;0.6483308241719767
850000;16;0.7023829843726294
850000;17;0.6998346560846561
850000;18;0.7025828543243602
850000;19;0.7042662635252058
860000;0;0.7042016648815228
860000;1;0.6982448622160944
860000;2;0.6978158051541785
860000;3;0.6042778592966445
860000;4;0.7024066125616178
860000;5;0.7022355057527264
860000;6;0.6441635010399299
860000;7;0.7165624581731964
860000;8;0.701591313301507
860000;9;0.713628746619949
860000;10;0.7037784747131401
860000;11;0.700712389215063
860000;12;0.7075922359427514
860000;13;0.705301690066624
860000;14;0.6404864042658646
860000;15;0.7049302133102592
860000;16;0.7108402883156297
860000;17;0.7130720197887926
860000;18;0.706285337353939
860000;19;0.7075120827669537
870000;0;0.6975
870000;1;0.7007272023447437
870000;2;0.6206934556854549
870000;3;0.7070089460077743
870000;4;0.7128825669492161
870000;5;0.6609247861464635
870000;6;0.757593120353947
870000;7;0.7498964333622662
870000;8;0.7581975387438419
870000;9;0.7620582162259688
870000;10;0.6982559100677798
870000;11;0.7116547476411562
870000;12;0.6172365921379512
870000;13;0.708418747670518
870000;14;0.7038801244306189
870000;15;0.7086960979884039
870000;16;0.651958598453016
870000;17;0.6191467009788751
870000;18;0.713926867745934
870000;19;0.7087225236310756
880000;0;1.227702346315485
880000;1;1.312042003818529
880000;2;1.1761711873247702
880000;3;1.3375055609105064
880000;4;1.3049943934023005
880000;5;1.3408858618895414
880000;6;1.3220908074830056
880000;7;1.20653718814795
880000;8;1.3058682472174463
880000;9;1.3252961704472404
880000;10;1.3322947247918167
880000;11;1.3493613718816622
880000;12;1.3492856742150832
880000;13;1.3293247973470892
880000;14;1.3195762696366196
880000;15;1.3437075178308722
880000;16;1.310850213461713
880000;17;1.2139666543288805
880000;18;1.2787451042940436
880000;19;1.2333894567707087
890000;0;0.678423815420031
890000;1;0.7184423883132953
890000;2;0.7186680214298911
890000;3;0.7102572529258184
890000;4;0.7749765922266271
890000;5;0.7326910762044675
890000;6;0.6455930431319182
890000;7;0.7228075065031587
890000;8;0.7466985296940382
890000;9;0.7350584811896529
890000;10;0.7533356571583493
890000;11;0.704176019115198
890000;12;0.7043672708178674
890000;13;0.7119991946849205
890000;14;0.7093118663846547
890000;15;0.7452965744501494
890000;16;0.7708304436562506
890000;17;0.7253412142004774
890000;18;0.7565000097232756
890000;19;0.706567738888788
900000;0;0.7050927417910983
900000;1;0.7079191458000036
900000;2;0.7407969978556112
900000;3;0.7206399019195228
900000;4;0.7070929689744326
900000;5;0.7627045608598818
900000;6;0.6546251662234043
900000;7;0.6032173327002313
900000;8;0.6747579885205174
900000;9;0.7151047719349216
900000;10;0.7093728047264801
900000;11;0.7125816490853493
900000;12;0.7135241149400298
900000;13;0.7124011866644959
900000;14;0.723845277262117
900000;15;0.7216567104009383
900000;16;0.7169533952302931
900000;17;0.7086579813938423
900000;18;0.6668741004148675
900000;19;0.7020509483742157
910000;0;0.704251697664935
910000;1;0.6534481624058172
910000;2;0.7034036373939684
910000;3;0.763312642927148
910000;4;0.6927792796721025
910000;5;0.6729322671365161
910000;6;0.6973892127256127
910000;7;0.7445825366475463
910000;8;0.6603025517413349
910000;9;0.6019443223665267
910000;10;0.7298879088570378
910000;11;0.6915490015147031
910000;12;0.6097806229754832
910000;13;0.6889102797578784
910000;14;0.6060774829485635
910000;15;0.7215349682107175
910000;16;0.7214956496467041
910000;17;0.7466961180562083
910000;18;0.7173779551734725
910000;19;0.66428905910292
920000;0;0.7226257285670462
920000;1;0.7862900058904378
920000;2;0.632914243267164
920000;3;0.846382677431627
920000;4;0.7115323110818926
920000;5;0.7536746715850491
920000;6;0.60731509425378
920000;7;0.7729347616290292
920000;8;0.7912303406306804
920000;9;0.818513030148186
920000;10;0.7136498912927255
920000;11;0.6850462733291137
920000;12;0.7611668662447016
920000;13;0.697612535711797
920000;14;0.7023105927744651
920000;15;0.7024091419350312
920000;16;0.7062368834100489
920000;17;0.7130272599398181
920000;18;0.6753077571669477
920000;19;0.6802288053540793
930000;0;0.7205410199556541
930000;1;0.7393611212231526
930000;2;0.6091399865037115
930000;3;0.7613964386129335
930000;4;0.7579158503591753
930000;5;0.622966030212407
930000;6;0.7094416403234539
930000;7;0.728409783739196
930000;8;0.738380019268173
930000;9;0.6964509215602229
930000;10;0.7558567946260769
930000;11;0.7452072134876809
930000;12;0.7126653566791817
930000;13;0.658878201489027
930000;14;0.7051558024477041
930000;15;0.7285665602467984
930000;16;0.7309394850017095
930000;17;0.7041900700367519
930000;18;0.697048477048477
930000;19;0.6537037931089976
940000;0;1.464387006800589
940000;1;1.5988477528186003
940000;2;1.623766375925218
940000;3;1.5968807135656067
940000;4;1.5951090667030792
940000;5;1.5998604786523778
940000;6;1.6461037817272295
940000;7;1.6095318877770697
940000;8;1.5283787982860695
940000;9;1.6102806878489213
940000;10;1.5627278351894585
940000;11;1.7284257152897224
940000;12;1.7693636639024575
940000;13;1.6188160401870777
940000;14;1.5309326059891226
940000;15;1.5511078838174275
940000;16;1.3448009152000922
940000;17;1.6163521740634406
940000;18;1.558375994263703
940000;19;1.601999622874383
950000;0;0.6857918537100607
950000;1;0.7090677951640701
950000;2;0.7226569972696127
950000;3;0.7083304922951044
950000;4;0.68259248308036
950000;5;0.6830188369111411
950000;6;0.6525463653637777
950000;7;0.7470292134831461
950000;8;0.7043921209655547
950000;9;0.6892156374914996
950000;10;0.7165632005518193
950000;11;0.7183966667819232
950000;12;0.6916361517976032
950000;13;0.7043682408380513
950000;14;0.7117153378436242
950000;15;0.759620130523006
950000;16;0.7179374211717549
950000;17;0.7079684465192354
950000;18;0.7114350773866593
950000;19;0.7071973178120426
960000;0;0.6829110630478266
960000;1;0.7131327797306706
960000;2;0.7127938555546126
960000;3;0.7077722346754757
960000;4;0.6734488509710217
960000;5;0.7084886879354849
960000;6;0.6623698738170347
960000;7;0.6996359728770638
960000;8;0.7067597361069037
960000;9;0.7085365030623091
960000;10;0.7052878640287528
960000;11;0.6922547516608146
960000;12;0.7094582038113258
960000;13;0.7161732353292289
960000;14;0.7167722059124736
960000;15;0.7092425266002365
960000;16;0.7114172694777143
960000;17;0.7391141735748104
960000;18;0.7174702294510601
960000;19;0.7387631060446134
970000;0;0.7472115198536268
970000;1;0.7220224738202095
970000;2;0.7135075429224205
970000;3;0.7386863662451953
970000;4;0.7258476603889668
970000;5;0.7781935944886218
970000;6;0.7489375771468877
970000;7;0.7774528647263408
970000;8;0.6927458815853857
970000;9;0.7076939098558693
970000;10;0.6892272365837431
970000;11;0.6489167468793449
970000;12;0.708390319567683
970000;13;0.7059529943653076
970000;14;0.7064696684908265
970000;15;0.7153221052631579
970000;16;0.722931914893617
970000;17;0.7136753931980104
970000;18;0.7053433529851366
970000;19;0.6663568044180865
980000;0;0.5656453211903282
980000;1;0.5459230008270762
980000;2;0.5114518604050502
980000;3;0.5667500042089668
980000;4;0.5487082314588427
980000;5;0.5573108951542142
980000;6;0.5616064129727566
980000;7;0.5683863505892682
980000;8;0.5637318931591727
980000;9;0.5568407384126774
980000;10;0.5436483583921449
980000;11;0.5246765897755611
980000;12;0.4882977951842182
980000;13;0.5624509197841306
980000;14;0.5513142810350475
980000;15;0.5587910628620752
980000;16;0.5569236495988088
980000;17;0.47699223510074534
980000;18;0.5591344716473441
980000;19;0.5210545460173978
990000;0;0.7336958331945509
990000;1;0.7305810752545521
990000;2;0.6293463043913031
990000;3;0.7300725838525786
990000;4;0.7238588938910979
990000;5;0.7305205034241464
990000;6;0.7204261512297226
990000;7;0.6812249694608093
990000;8;0.7386037856053113
990000;9;0.7482760377743053
990000;10;0.7087891756226269
990000;11;0.766302551703745
990000;12;0.7165593181744251
990000;13;0.6658832242559817
990000;14;0.6503136762860727
990000;15;0.7240611389596516
990000;16;0.7362338942829927
990000;17;0.7311509418305535
990000;18;0.7361354788042842
990000;19;0.6879372267332917
1000000;0;0.7153204708960105
1000000;1;0.7090484757135217
1000000;2;0.662291657205141
1000000;3;0.6609309141450003
1000000;4;0.7085432018786947
1000000;5;0.6117115731483941
1000000;6;0.6575237465432248
1000000;7;0.7076721502402097
1000000;8;0.7211928390095942
1000000;9;0.7105224692641255
1000000;10;0.7016792570851177
1000000;11;0.7115393998536228
1000000;12;0.7167619640545898
1000000;13;0.6009643122063792
1000000;14;0.6297447855939888
1000000;15;0.7210502027227478
1000000;16;0.6379451135932807
1000000;17;0.7079011666477889
1000000;18;0.6666412702282631
1000000;19;0.6457798246390931
